Phone_Model	ACCOUNT	DROPPED_CALLS	LATE_PAYMENTS	CHURN	INTL_CALLS_RATIO	ACTIVITY_CALLS_RATIO
"B50"	6873.000000	2.578947	0.000000	1.000000	1.833333	1.288889
"B50"	761.000000	2.375000	0.000000	0.000000	0.875000	1.071429
"B50"	8619.000000	0.000000	1.000000	0.000000	0.916667	0.873333
"B50"	2427.000000	1.481481	0.000000	1.000000	2.346154	1.586538
"B50"	2826.000000	0.000000	0.000000	1.000000	2.296296	1.615385
"B50"	2320.000000	2.055556	0.000000	1.000000	1.678992	4.095238
"B50"	2311.000000	1.555556	0.000000	1.000000	3.625000	1.500000
"B50"	2231.000000	0.000000	0.000000	1.000000	2.250000	3.125000
"B50"	2857.000000	0.500000	0.000000	1.000000	1.033846	3.060000
"B50"	2130.000000	2.652174	0.000000	1.000000	2.060606	2.500000
"B50"	9819.000000	1.500000	0.000000	1.000000	3.000000	2.236686
"B50"	2861.000000	1.578947	0.000000	1.000000	2.351852	2.121212
"B50"	7101.000000	3.250000	0.000000	0.000000	0.961722	0.902256
"B50"	1953.000000	2.833333	0.000000	0.000000		0.870968
"B50"	2076.000000	2.300000	0.000000	1.000000	2.000000	2.041667
"B50"	2072.000000	1.000000	0.000000	1.000000	1.313364	0.682425
"B50"	6540.000000	0.000000	0.000000	1.000000	3.428571	3.175926
"B50"	2898.000000	0.000000	0.000000	1.000000	3.937500	1.669643
"B50"	83.000000	0.166667	0.000000	0.000000	0.800000	1.028571
"B50"	1999.000000	0.000000	0.000000	1.000000	1.811538	2.550000
"B50"	3897.000000	1.461538	0.000000	1.000000	1.409091	1.986842
"B50"	9430.000000	0.692308	0.000000	1.000000	4.250000	3.900000
"B50"	2819.000000	0.000000	0.000000	0.000000	1.181818	0.853755
"B50"	6981.000000	0.000000	0.000000	0.000000	0.916667	1.035714
"B50"	4086.000000	0.000000	0.000000	0.000000	0.835714	1.020408
"B50"	2902.000000	2.050000	0.000000	1.000000	1.496842	2.657895
"B50"	1879.000000	0.000000	0.000000	1.000000	2.500000	3.562500
"B50"	9438.000000	0.000000	0.000000	1.000000	3.000000	3.000000
"B50"	6197.000000	2.800000	0.000000	1.000000	2.500000	1.333333
"B50"	493.000000	0.000000	0.000000	0.000000	0.750000	1.032000
"B50"	2914.000000	2.000000	0.000000	1.000000	2.583333	5.111111
"B50"	1842.000000	0.363636	0.000000	1.000000	3.600000	1.361538
"B50"	8829.000000	5.121212	0.000000	1.000000		0.326613
"B50"	1269.000000	0.500000	0.000000	1.000000	2.166667	2.222222
"B50"	2915.000000	0.000000	0.000000	1.000000	2.700000	2.425000
"B50"	6988.000000	1.000000	0.000000	1.000000	1.381579	3.031579
"B50"	1189.000000	0.000000	0.000000	1.000000	2.895238	2.537143
"B50"	7606.000000	2.625000	0.000000	1.000000	1.714286	0.696429
"B50"	1030.000000	0.666667	0.000000	1.000000	1.090909	1.336364
"B50"	3010.000000	1.000000	0.000000	1.000000	4.009615	3.288462
"B50"	3017.000000	1.500000	0.000000	1.000000	2.828571	0.964286
"B50"	5990.000000	1.000000	0.000000	0.000000	0.909091	1.090909
"B50"	982.000000	4.631579	0.000000	1.000000	3.055556	0.405405
"B50"	956.000000	1.666667	0.000000	1.000000	1.433766	2.072727
"B50"	889.000000	0.000000	0.000000	1.000000	2.775000	2.250000
"B50"	9461.000000	4.363636	0.000000	0.000000	0.900000	1.122222
"B50"	5596.000000	0.000000	0.000000	1.000000	1.973684	0.727856
"B50"	5227.000000	0.000000	0.000000	0.000000	0.826531	1.071429
"B50"	7556.000000	0.700000	0.000000	1.000000	3.666667	2.444444
"B50"	4285.000000	0.000000	0.000000	0.000000	1.087912	0.964286
"B50"	3974.000000	0.000000	0.000000	0.000000	1.266234	1.022727
"B50"	618.000000	0.333333	0.000000	1.000000	2.025000	1.837500
"B50"	3986.000000	1.950000	0.000000	1.000000	5.368421	0.767695
"B50"	6726.000000	1.846154	0.000000	0.000000	1.251429	0.949412
"B50"	9901.000000	0.454545	0.000000	1.000000	1.285714	0.498413
"B50"	9295.000000	0.000000	0.000000	0.000000	1.666667	1.612795
"B50"	8676.000000	2.000000	0.000000	1.000000	2.875000	2.500000
"B50"	8540.000000	0.000000	0.000000	1.000000		2.287330
"B50"	2989.000000	1.055556	0.000000	0.000000	1.058824	0.876660
"B50"	6937.000000	2.142857	0.000000	1.000000	0.892857	2.060000
"B50"	3991.000000	0.000000	0.000000	1.000000	3.000000	2.194581
"B50"	8377.000000	1.657143	0.000000	1.000000	2.558824	1.568627
"B50"	3400.000000	0.000000	0.000000	1.000000	2.384615	2.550000
"B50"	8122.000000	0.000000	0.000000	0.000000	1.274436	0.883117
"B50"	3411.000000	0.500000	0.000000	1.000000	2.727273	3.238636
"B50"	456.000000	0.000000	0.000000	1.000000	2.678571	1.267081
"B50"	442.000000	0.000000	0.000000	1.000000	2.700000	2.767857
"B50"	404.000000	0.000000	0.000000	1.000000	3.125000	2.833333
"B50"	3807.000000	0.000000	0.000000	0.000000	1.142857	0.934286
"B50"	6176.000000	0.411765	1.000000	0.000000	1.518750	1.225610
"B50"	300.000000	0.000000	0.000000	1.000000	3.000000	3.656250
"B50"	9082.000000	0.000000	0.000000	0.000000	3.884615	3.788462
"B50"	274.000000	3.545455	0.000000	1.000000	3.750000	1.500000
"B50"	5326.000000	0.000000	1.000000	0.000000	1.066667	0.879070
"B50"	266.000000	0.571429	0.000000	1.000000	4.153846	2.916084
"B50"	4094.000000	0.875000	0.000000	1.000000		1.775510
"B50"	2515.000000	0.333333	0.000000	0.000000	1.458498	0.967391
"B50"	201.000000	1.000000	0.000000	1.000000	2.833333	2.370370
"B50"	7156.000000	0.000000	0.000000	1.000000	3.666667	2.500000
"B50"	7081.000000	3.480000	0.000000	1.000000		3.850000
"B50"	4848.000000	0.000000	0.000000	0.000000	1.066667	1.200000
"B50"	146.000000	0.000000	0.000000	1.000000	4.357143	2.437500
"B50"	5874.000000	2.500000	0.000000	1.000000	3.035714	1.257143
"B50"	2655.000000	0.000000	0.000000	0.000000	0.861842	0.997283
"B50"	6289.000000	0.000000	0.000000	1.000000	3.066964	3.878906
"B50"	1.000000	0.000000	0.000000	1.000000	1.650000	2.250000
"B50"	5239.000000	1.400000	0.000000	0.000000	1.012500	1.017857
"B50"	7205.000000	3.680000	0.000000	1.000000	6.375000	3.600000
"B50"	4241.000000	0.000000	0.000000	1.000000	2.375000	3.500000
"B50"	144.000000	5.166667	1.000000	1.000000	3.000000	0.840000
"B50"	7577.000000	2.545455	0.000000	1.000000	2.714286	1.693878
"B50"	4710.000000	0.000000	0.000000	0.000000	1.005000	1.407273
"B50"	3733.000000	1.285714	0.000000	1.000000	1.277778	1.454545
"B50"	93.000000	0.000000	0.000000	1.000000	1.384615	2.220000
"B50"	36.000000	0.000000	0.000000	0.000000	0.975000	0.815625
"B50"	7700.000000	0.000000	0.000000	1.000000		0.704545
"B50"	8762.000000	0.000000	0.000000	0.000000	0.927273	0.984375
"B50"	6461.000000	0.583333	0.000000	0.000000	0.568696	0.511801
"B50"	8723.000000	1.000000	0.000000	0.000000	1.153846	1.037594
"B50"	6378.000000	0.500000	0.000000	0.000000	1.154122	1.020276
"B50"	3861.000000	1.153846	0.000000	1.000000	4.000000	2.111111
"B50"	3827.000000	3.961538	0.000000	0.000000	1.560000	1.043478
"B50"	7472.000000	0.739130	0.000000	1.000000	1.800000	2.169421
"B50"	5980.000000	3.400000	0.000000	0.000000	1.070175	0.919540
"B50"	4502.000000	0.500000	0.000000	1.000000	2.492308	2.953846
"B50"	4811.000000	0.000000	2.000000	0.000000	0.856364	1.472727
"B50"	6008.000000	0.333333	0.000000	1.000000	2.109375	1.098837
"B50"	5147.000000	0.000000	0.000000	0.000000		0.932692
"B50"	7444.000000	1.555556	0.000000	1.000000	2.500000	1.389706
"B50"	6913.000000	0.000000	0.000000	1.000000	1.714286	3.278571
"B50"	7416.000000	0.733333	0.000000	1.000000	1.158482	2.196429
"B50"	6667.000000	0.400000	0.000000	1.000000	2.500000	2.148148
"B50"	707.000000	0.500000	0.000000	0.000000	3.445714	3.107143
"B50"	7394.000000	2.727273	0.000000	1.000000	3.900000	1.256250
"B50"	6034.000000	0.000000	0.000000	1.000000	4.069565	2.786561
"B50"	6044.000000	0.444444	0.000000	1.000000	2.250000	1.293750
"B50"	7624.000000	0.000000	0.000000	0.000000	1.114583	1.175676
"B50"	7351.000000	0.631579	0.000000	1.000000	2.611111	2.730769
"B50"	7345.000000	1.047619	0.000000	1.000000	3.300000	2.461765
"B50"	4830.000000	0.655172	0.000000	1.000000	2.403061	1.911654
"B50"	3509.000000	0.000000	4.000000	0.000000	0.949290	0.943966
"B50"	7332.000000	5.363636	0.000000	1.000000	2.400000	0.788235
"B50"	7321.000000	2.520000	0.000000	1.000000	2.750000	2.550000
"B50"	4997.000000	0.692308	0.000000	1.000000	1.812500	1.593750
"B50"	7296.000000	0.000000	0.000000	1.000000	2.500000	2.722222
"B50"	5707.000000	0.894737	0.000000	0.000000	0.981481	1.000000
"B50"	7285.000000	0.000000	0.000000	1.000000	3.605263	2.087719
"B50"	7278.000000	1.500000	0.000000	1.000000	3.750000	1.490683
"B50"	9577.000000	0.375000	0.000000	1.000000	2.142857	1.873016
"B50"	520.000000	0.909091	0.000000	0.000000	1.020000	1.013793
"B50"	7268.000000	1.450000	0.000000	1.000000	1.531579	3.276316
"B50"	1883.000000	0.000000	0.000000	0.000000	1.125000	1.058468
"B50"	1747.000000	0.000000	3.000000	0.000000	0.966667	0.985714
"B50"	8835.000000	0.333333	0.000000	1.000000		1.275000
"B50"	9323.000000	0.000000	0.000000	1.000000	1.406250	2.718750
"B50"	2545.000000	2.454545	0.000000	1.000000		2.018182
"50CX"	5661.000000	2.833333	0.000000	1.000000	1.032753	1.371429
"50CX"	3765.000000	5.880000	0.000000	0.000000	1.166667	0.916667
"50CX"	9943.000000	0.500000	0.000000	0.000000	1.050000	0.984000
"50CX"	452.000000	2.900000	0.000000	1.000000	2.208333	0.991342
"50CX"	4918.000000	0.000000	0.000000	1.000000	3.312500	0.820313
"50CX"	385.000000	0.714286	0.000000	1.000000	3.692308	2.307692
"50CX"	5923.000000	0.000000	0.000000	1.000000	3.529412	1.819005
"50CX"	3759.000000	0.375000	0.000000	1.000000	2.357143	1.912088
"50CX"	229.000000	0.166667	0.000000	1.000000	2.400000	2.250000
"50CX"	4247.000000	0.000000	0.000000	1.000000	3.812500	2.125000
"300M"	7124.000000	0.000000	0.000000	0.000000	1.042105	1.120668
"300M"	9936.000000	0.625000	2.000000	0.000000	0.857143	1.024845
"300M"	6369.000000	2.125000	0.000000	0.000000	0.942857	1.071429
"300M"	2889.000000	0.500000	0.000000	1.000000	1.904762	2.149660
"300M"	720.000000	0.647059	0.000000	1.000000	2.093750	0.548780
"300M"	4221.000000	0.500000	0.000000	0.000000	0.910714	0.835714
"300M"	8554.000000	0.590909	2.000000	0.000000	0.785714	1.195767
"300M"	2626.000000	0.000000	4.000000	1.000000	2.723077	5.692308
"300M"	351.000000	0.000000	3.000000	1.000000	2.937500	2.378906
"300M"	6889.000000	0.464286	4.000000	1.000000	6.111111	3.202020
"300M"	7927.000000	0.000000	0.000000	1.000000	3.428571	3.942857
"300M"	239.000000	0.000000	0.000000	0.000000	1.111111	1.116279
"300M"	952.000000	0.000000	0.000000	0.000000	2.657143	1.241558
"300M"	3895.000000	0.551724	3.000000	0.000000	0.987245	0.947802
"300M"	7750.000000	2.111111	0.000000	1.000000	1.828125	1.145833
"300M"	8051.000000	0.900000	0.000000	1.000000	2.052632	2.465587
"300M"	2978.000000	0.000000	3.000000	1.000000	3.363636	2.303030
"300M"	3480.000000	0.750000	0.000000	0.000000	1.022727	1.102273
"300M"	1532.000000	0.454545	0.000000	0.000000	0.857143	1.152381
"300M"	1358.000000	4.200000	0.000000	0.000000	1.073684	1.147368
"AA10"	7541.000000	0.500000	0.000000	1.000000	0.524528	1.077778
"AA10"	3877.000000	0.555556	0.000000	1.000000	2.505882	1.102941
"AA10"	7546.000000	0.368421	0.000000	1.000000	0.947917	1.533333
"AA10"	8896.000000	1.800000	0.000000	1.000000	4.168421	1.883459
"AA10"	2580.000000	2.160000	0.000000	0.000000	1.000000	0.944444
"AA10"	4490.000000	0.000000	0.000000	1.000000	2.952381	1.948980
"AA10"	2568.000000	1.333333	0.000000	0.000000	0.800000	0.776471
"AA10"	9217.000000	2.375000	0.000000	1.000000	3.857143	2.380952
"AA10"	9469.000000	2.111111	0.000000	0.000000	1.178571	0.923780
"AA10"	4484.000000	0.413793	0.000000	1.000000	2.292857	3.235714
"AA10"	4922.000000	2.421053	0.000000	1.000000	3.791667	2.083333
"AA10"	4474.000000	0.500000	0.000000	1.000000	2.117647	3.946524
"120S"	6639.000000	1.000000	0.000000	1.000000	2.222222	1.333333
"120S"	37.000000	0.000000	1.000000	0.000000	1.291667	1.009615
"120S"	5393.000000	0.000000	0.000000	0.000000	0.880000	0.960000
"120S"	4522.000000	1.379310	0.000000	1.000000	2.785714	2.607143
"120S"	1494.000000	0.000000	0.000000	0.000000	0.926108	1.113793
"120S"	1404.000000	0.000000	0.000000	0.000000	1.325397	1.043011
"120S"	1394.000000	0.000000	0.000000	0.000000	1.143223	1.841912
"120S"	2966.000000	2.000000	0.000000	1.000000	1.714286	4.457143
"120S"	7197.000000	0.000000	0.000000	1.000000	3.740741	3.377778
"120S"	3383.000000	1.928571	0.000000	0.000000	0.969231	1.065089
"120S"	9248.000000	0.583333	0.000000	1.000000	2.060606	2.075758
"120S"	5610.000000	3.760000	0.000000	1.000000	2.583333	1.520833
"120S"	4244.000000	0.000000	4.000000	0.000000	1.181538	0.985207
"120S"	8739.000000	0.000000	0.000000	1.000000	2.375000	2.233333
"120S"	6741.000000	0.521739	0.000000	0.000000	0.954545	0.920455
"120S"	2430.000000	3.000000	0.000000	1.000000	0.496241	1.612188
"120S"	9699.000000	1.083333	0.000000	1.000000	2.706294	1.383117
"120S"	4657.000000	0.000000	0.000000	1.000000	1.168421	1.955466
"120S"	4512.000000	0.000000	0.000000	0.000000	1.031250	0.952500
"120S"	9166.000000	0.000000	3.000000	0.000000	1.334559	1.007099
"120S"	6211.000000	0.600000	0.000000	1.000000	2.785714	4.238095
"120S"	5348.000000	0.000000	0.000000	0.000000	1.436975	1.256471
"120S"	8336.000000	0.000000	0.000000	1.000000	2.400000	1.733333
"120S"	5736.000000	0.000000	0.000000	1.000000	2.257143	2.507143
"120S"	8320.000000	1.400000	0.000000	1.000000	1.800000	2.185714
"120S"	6079.000000	0.000000	0.000000	1.000000		2.666667
"120S"	1444.000000	0.000000	0.000000	1.000000		0.821429
"120S"	1326.000000	0.000000	0.000000	1.000000	1.500000	3.250000
"120S"	8264.000000	1.166667	0.000000	1.000000	2.121212	2.239234
"120S"	3793.000000	1.575758	0.000000	1.000000	3.125000	1.025735
"120S"	1070.000000	3.500000	0.000000	1.000000	2.200000	2.282051
"120S"	2895.000000	0.483871	0.000000	0.000000	1.000000	0.930435
"120S"	6318.000000	1.904762	0.000000	1.000000	1.178571	2.353846
"120S"	9903.000000	0.360000	0.000000	1.000000	4.500000	4.833333
"120S"	914.000000	1.000000	0.000000	1.000000	2.785714	1.697368
"120S"	6343.000000	0.363636	0.000000	1.000000		1.872727
"120S"	8397.000000	0.611111	0.000000	0.000000	1.197479	1.005348
"120S"	6346.000000	0.000000	0.000000	1.000000		1.539474
"120S"	4707.000000	1.000000	0.000000	0.000000	0.948317	0.910362
"120S"	519.000000	0.000000	0.000000	1.000000	2.862857	2.357143
"120S"	465.000000	0.000000	0.000000	1.000000	2.475000	0.694286
"120S"	7718.000000	1.789474	0.000000	1.000000	2.476190	1.039474
"120S"	774.000000	2.105263	0.000000	0.000000	0.966667	0.939153
"120S"	3183.000000	0.000000	0.000000	0.000000	1.250000	1.906250
"120S"	3907.000000	0.888889	0.000000	0.000000	1.265625	1.180147
"120S"	6013.000000	0.187500	0.000000	0.000000	0.927273	0.888889
"120S"	5118.000000	0.000000	0.000000	1.000000	2.614286	2.376923
"120S"	318.000000	0.000000	0.000000	1.000000	1.972222	4.000000
"120S"	316.000000	2.823529	1.000000	1.000000	2.468750	2.301136
"120S"	6522.000000	0.833333	0.000000	1.000000	0.936652	0.728411
"120S"	5407.000000	0.000000	0.000000	1.000000	2.528571	2.931429
"120S"	6706.000000	2.382353	0.000000	1.000000	1.767677	1.668831
"120S"	3360.000000	0.000000	0.000000	0.000000	1.210227	1.066406
"120S"	7260.000000	0.538462	0.000000	1.000000	1.152000	2.305714
"120S"	199.000000	0.000000	0.000000	1.000000	0.644628	1.202020
"120S"	1916.000000	2.500000	1.000000	0.000000	0.750000	1.095652
"120S"	9788.000000	0.000000	0.000000	0.000000	0.840000	1.042105
"120S"	1799.000000	0.000000	0.000000	0.000000	1.092857	0.845000
"S50"	8026.000000	1.000000	0.000000	1.000000	2.181818	2.250000
"S50"	3708.000000	1.416667	0.000000	1.000000	2.590909	0.636364
"S50"	2124.000000	3.619048	0.000000	1.000000	3.000000	3.425000
"S50"	4730.000000	0.000000	0.000000	0.000000	0.956250	1.207895
"S50"	6096.000000	0.000000	0.000000	0.000000	0.857143	1.175000
"S50"	9128.000000	0.000000	0.000000	0.000000	0.964286	1.048872
"S50"	8388.000000	0.000000	2.000000	1.000000	2.089286	0.531429
"S50"	3249.000000	3.000000	0.000000	1.000000	4.227273	3.848485
"S50"	4311.000000	0.555556	0.000000	1.000000	2.235294	0.797386
"S50"	1281.000000	1.000000	0.000000	1.000000	3.000000	3.328125
"S50"	7465.000000	1.000000	0.000000	1.000000	2.428571	1.059524
"S50"	5616.000000	1.384615	0.000000	1.000000	2.672727	4.530000
"S50"	9403.000000	0.000000	0.000000	0.000000	1.080420	0.949301
"S50"	5910.000000	3.055556	0.000000	1.000000	2.100000	2.521008
"S50"	6215.000000	0.000000	0.000000	1.000000	1.634409	1.087436
"S50"	6700.000000	2.085714	0.000000	1.000000	4.121849	2.510695
"S50"	2749.000000	1.750000	0.000000	1.000000	2.818182	1.977273
"S50"	39.000000	0.421053	0.000000	1.000000	2.666667	1.026882
"105D"	9514.000000	2.222222	0.000000	1.000000	2.812500	2.538462
"105D"	7938.000000	0.000000	0.000000	0.000000	2.880000	3.081250
"105D"	2673.000000	0.000000	0.000000	0.000000	1.104396	0.902256
"105D"	7812.000000	0.000000	0.000000	0.000000	1.076923	1.016129
"105D"	727.000000	0.941176	0.000000	0.000000	1.062500	1.070313
"105D"	7769.000000	1.111111	0.000000	0.000000	0.988235	0.866310
"105D"	7726.000000	0.000000	0.000000	0.000000	1.009091	1.009091
"105D"	7692.000000	0.457143	0.000000	0.000000	1.617647	1.402941
"105D"	9515.000000	0.000000	0.000000	1.000000	1.926316	3.383459
"105D"	7639.000000	0.000000	2.000000	0.000000	1.319444	0.952381
"105D"	7618.000000	0.000000	0.000000	0.000000	1.011905	1.302083
"105D"	7593.000000	1.571429	0.000000	0.000000	1.224852	1.068376
"105D"	7573.000000	0.000000	0.000000	0.000000	0.880952	0.960000
"105D"	7409.000000	0.000000	0.000000	0.000000	1.293750	1.232143
"105D"	7405.000000	0.000000	0.000000	0.000000	1.257143	0.847826
"105D"	7275.000000	0.000000	0.000000	0.000000	1.073864	1.090909
"105D"	7238.000000	0.000000	0.000000	0.000000	1.285714	1.055556
"105D"	7207.000000	0.272727	0.000000	0.000000	0.693750	0.515730
"105D"	7191.000000	0.000000	0.000000	0.000000	0.866667	1.111765
"105D"	5219.000000	1.000000	0.000000	1.000000	1.500000	1.375000
"105D"	5418.000000	0.777778	0.000000	1.000000	3.500000	2.740385
"105D"	5445.000000	1.000000	0.000000	1.000000	2.571429	2.642857
"105D"	5446.000000	0.000000	0.000000	1.000000		2.500000
"105D"	5465.000000	0.000000	0.000000	1.000000	3.750000	2.312500
"105D"	6975.000000	0.000000	0.000000	0.000000		1.160494
"105D"	5481.000000	2.058824	0.000000	1.000000		1.556250
"105D"	5519.000000	1.000000	0.000000	1.000000	0.727273	2.681818
"105D"	6968.000000	0.000000	0.000000	0.000000	0.923529	1.248718
"105D"	6963.000000	0.000000	0.000000	0.000000	1.058824	1.597285
"105D"	6961.000000	0.363636	0.000000	0.000000		1.133333
"105D"	6953.000000	0.000000	0.000000	0.000000	0.878571	0.863514
"105D"	5534.000000	2.454545	0.000000	1.000000	1.200000	1.425000
"105D"	6821.000000	0.000000	0.000000	0.000000	1.093985	0.928571
"105D"	6720.000000	0.000000	0.000000	0.000000	0.869748	1.082353
"105D"	5725.000000	2.800000	0.000000	1.000000	2.031250	2.660714
"105D"	5767.000000	0.500000	0.000000	1.000000	3.176471	1.094118
"105D"	5768.000000	0.958333	0.000000	1.000000	3.097826	4.378882
"105D"	6577.000000	0.000000	0.000000	0.000000	1.200000	1.052632
"105D"	6512.000000	0.526316	0.000000	0.000000	2.000000	1.117284
"105D"	6495.000000	0.000000	0.000000	0.000000	1.047794	0.918864
"105D"	6321.000000	0.000000	0.000000	0.000000	1.048951	0.969697
"105D"	9517.000000	0.000000	0.000000	1.000000	3.200000	2.533333
"105D"	6290.000000	0.666667	0.000000	0.000000	1.050000	1.265217
"105D"	5954.000000	0.000000	0.000000	1.000000	4.260000	2.180000
"105D"	6249.000000	0.600000	0.000000	0.000000	1.022727	1.000000
"105D"	6247.000000	0.347826	0.000000	0.000000	1.096154	0.823636
"105D"	9531.000000	4.117647	0.000000	1.000000	1.767857	2.710227
"105D"	6147.000000	0.000000	0.000000	0.000000	1.090909	1.062500
"105D"	6038.000000	0.000000	0.000000	0.000000	0.854167	1.296296
"105D"	5952.000000	0.000000	0.000000	0.000000	0.933333	1.380000
"105D"	6019.000000	0.428571	0.000000	1.000000	0.895928	1.533499
"105D"	5878.000000	0.000000	0.000000	0.000000		0.869565
"105D"	5862.000000	0.000000	0.000000	0.000000	1.050000	0.767308
"105D"	5746.000000	0.000000	0.000000	0.000000	1.133333	0.969697
"105D"	6121.000000	1.000000	0.000000	1.000000	2.800000	1.709091
"105D"	5643.000000	0.533333	0.000000	0.000000	1.028571	0.827922
"105D"	5560.000000	0.000000	0.000000	0.000000	1.223684	1.040248
"105D"	9649.000000	0.454545	0.000000	1.000000	2.025000	2.800000
"105D"	5524.000000	0.482759	0.000000	0.000000	1.035714	1.033929
"105D"	5523.000000	0.000000	0.000000	0.000000	0.944516	1.200000
"105D"	5441.000000	0.000000	0.000000	0.000000	1.489412	1.431818
"105D"	5425.000000	0.000000	0.000000	0.000000	0.780000	2.850000
"105D"	5356.000000	0.000000	0.000000	0.000000	0.992163	1.315271
"105D"	5335.000000	0.000000	0.000000	0.000000	1.258929	1.100649
"105D"	6277.000000	0.000000	0.000000	1.000000	1.833333	2.666667
"105D"	5185.000000	0.000000	0.000000	0.000000	1.100000	1.036000
"105D"	5164.000000	1.500000	0.000000	0.000000	0.908497	0.888889
"105D"	5151.000000	0.000000	2.000000	0.000000	1.237500	0.997674
"105D"	5139.000000	0.000000	0.000000	0.000000	0.957143	0.816964
"105D"	6446.000000	1.750000	0.000000	1.000000	1.533333	3.266667
"105D"	6503.000000	1.695652	0.000000	1.000000	3.136364	1.789256
"105D"	4874.000000	0.625000	0.000000	0.000000	0.882353	0.920973
"105D"	6653.000000	1.142857	0.000000	1.000000	2.353846	2.538462
"105D"	6660.000000	1.172414	0.000000	1.000000	2.678571	1.520408
"105D"	3685.000000	0.000000	0.000000	1.000000	2.625000	0.882353
"105D"	4672.000000	0.000000	0.000000	0.000000	1.050000	1.019231
"105D"	4665.000000	1.520000	0.000000	0.000000	3.354167	2.953125
"105D"	6663.000000	0.625000	0.000000	1.000000	1.457143	1.948052
"105D"	4611.000000	0.950000	0.000000	0.000000	1.624060	0.983022
"105D"	4595.000000	1.142857	0.000000	0.000000	1.333333	1.026316
"105D"	6714.000000	1.222222	0.000000	1.000000	1.875000	1.020833
"105D"	4577.000000	0.000000	0.000000	0.000000	0.876000	0.944348
"105D"	4505.000000	0.451613	0.000000	0.000000	0.885714	0.900000
"105D"	6745.000000	8.100000	0.000000	1.000000	1.571429	1.175926
"105D"	4448.000000	0.000000	0.000000	0.000000	1.058824	1.000000
"105D"	4431.000000	0.350000	0.000000	0.000000	0.954712	0.918129
"105D"	4414.000000	0.000000	0.000000	0.000000	1.034091	1.113636
"105D"	9777.000000	0.000000	0.000000	1.000000	2.833333	1.703704
"105D"	4329.000000	4.107143	0.000000	0.000000	1.049383	0.861111
"105D"	6767.000000	0.600000	0.000000	1.000000	3.750000	3.597222
"105D"	6790.000000	0.971429	0.000000	1.000000	3.294118	2.533613
"105D"	337.000000	0.000000	0.000000	0.000000	1.066406	1.071429
"105D"	4182.000000	0.000000	0.000000	0.000000	1.100592	0.825444
"105D"	6823.000000	0.516129	0.000000	1.000000	3.275000	2.657143
"105D"	6842.000000	1.538462	0.000000	1.000000	4.320000	2.860000
"105D"	4073.000000	0.500000	0.000000	0.000000	0.944444	1.000000
"105D"	4042.000000	0.588235	2.000000	0.000000	0.843750	1.262868
"105D"	4020.000000	0.000000	3.000000	0.000000	1.323529	0.569952
"105D"	334.000000	0.461538	0.000000	0.000000	0.910714	1.096154
"105D"	3929.000000	0.000000	0.000000	0.000000	0.883117	1.018717
"105D"	3923.000000	0.500000	0.000000	0.000000	0.948276	0.889655
"105D"	6971.000000	0.000000	0.000000	1.000000	3.142857	3.035714
"105D"	3832.000000	0.000000	1.000000	0.000000	1.339286	1.587302
"105D"	7176.000000	0.000000	0.000000	1.000000	2.636364	2.863636
"105D"	3804.000000	0.480000	2.000000	0.000000	1.006250	1.095833
"105D"	9975.000000	1.545455	0.000000	1.000000	2.940000	2.464286
"105D"	3790.000000	0.838710	0.000000	0.000000	0.955556	1.141667
"105D"	3734.000000	0.481481	0.000000	0.000000	1.153846	0.989879
"105D"	3729.000000	0.000000	0.000000	0.000000	0.940541	1.003846
"105D"	3715.000000	0.000000	0.000000	0.000000	1.265625	1.347222
"105D"	3680.000000	0.000000	0.000000	0.000000	1.666667	4.166667
"105D"	3573.000000	0.000000	0.000000	0.000000	1.062500	0.941799
"105D"	301.000000	0.000000	0.000000	0.000000	0.890909	1.145455
"105D"	3479.000000	0.000000	8.000000	0.000000	0.987981	0.807692
"105D"	3427.000000	0.000000	0.000000	0.000000	1.041667	0.924242
"105D"	7397.000000	0.000000	2.000000	1.000000	2.727273	2.984848
"105D"	7552.000000	6.038462	0.000000	1.000000	1.108235	1.653333
"105D"	3121.000000	0.000000	0.000000	0.000000	1.005882	1.145455
"105D"	3110.000000	1.000000	0.000000	0.000000	1.000000	1.125000
"105D"	3078.000000	0.000000	0.000000	0.000000	1.076923	0.788981
"105D"	248.000000	0.000000	0.000000	0.000000	1.000000	0.855556
"105D"	7815.000000	0.000000	0.000000	1.000000	3.357955	2.876033
"105D"	7848.000000	1.000000	0.000000	1.000000		2.742857
"105D"	2850.000000	0.000000	0.000000	0.000000	0.965035	0.908654
"105D"	9793.000000	0.000000	0.000000	1.000000	1.800000	3.138462
"105D"	2809.000000	0.000000	0.000000	0.000000	0.785714	0.870536
"105D"	2791.000000	0.357143	0.000000	0.000000	1.046296	1.015873
"105D"	221.000000	0.000000	0.000000	0.000000	1.336364	1.221591
"105D"	2731.000000	1.057143	0.000000	0.000000	1.125000	0.452322
"105D"	2710.000000	0.000000	0.000000	0.000000	0.827922	1.089286
"105D"	2701.000000	0.000000	0.000000	0.000000		1.145161
"105D"	8097.000000	0.000000	0.000000	1.000000	2.700000	2.164286
"105D"	2658.000000	0.000000	0.000000	0.000000	1.038462	1.159091
"105D"	2622.000000	0.000000	0.000000	0.000000	0.954545	0.915385
"105D"	8157.000000	3.040000	0.000000	1.000000	1.894231	2.992188
"105D"	2541.000000	0.000000	0.000000	0.000000	0.740260	0.985537
"105D"	2540.000000	0.000000	0.000000	0.000000	0.806897	0.850000
"105D"	2521.000000	0.000000	0.000000	0.000000	0.876050	0.816964
"105D"	8230.000000	2.545455	1.000000	1.000000	2.214286	2.107143
"105D"	8318.000000	0.800000	0.000000	1.000000	1.500000	2.625000
"105D"	205.000000	2.440000	0.000000	0.000000	1.150000	0.841463
"105D"	2436.000000	1.407407	0.000000	0.000000	0.346154	1.153846
"105D"	8353.000000	0.636364	0.000000	1.000000	2.000000	1.593750
"105D"	2399.000000	0.000000	0.000000	0.000000	0.986928	1.198830
"105D"	2387.000000	0.000000	0.000000	0.000000	0.937500	0.983193
"105D"	8380.000000	3.043478	0.000000	1.000000	2.454545	0.580808
"105D"	2367.000000	0.611111	0.000000	0.000000	0.917647	1.018100
"105D"	9803.000000	0.464286	0.000000	1.000000	3.185185	2.919192
"105D"	8515.000000	4.241379	0.000000	1.000000	1.903846	0.964286
"105D"	2261.000000	0.000000	0.000000	0.000000	1.030769	0.825911
"105D"	2197.000000	0.000000	0.000000	0.000000	0.818182	1.082386
"105D"	8773.000000	0.950000	0.000000	1.000000	2.571429	2.715789
"105D"	8818.000000	0.000000	0.000000	1.000000	2.562500	2.770833
"105D"	1974.000000	0.000000	0.000000	0.000000	0.881119	0.954545
"105D"	8834.000000	1.555556	2.000000	1.000000	1.846154	2.530220
"105D"	5051.000000	0.000000	0.000000	0.000000	1.000000	1.067901
"105D"	1914.000000	0.000000	0.000000	0.000000	1.010331	1.046921
"105D"	9985.000000	0.960000	0.000000	0.000000	0.937500	1.066667
"105D"	1863.000000	2.555556	0.000000	0.000000	0.705882	1.207430
"105D"	2752.000000	0.000000	0.000000	1.000000	2.250000	2.590909
"105D"	9883.000000	0.000000	0.000000	1.000000	1.600000	1.875000
"105D"	9950.000000	0.000000	1.000000	1.000000	2.250000	3.100000
"105D"	2859.000000	0.000000	0.000000	1.000000	2.325000	0.962500
"105D"	1626.000000	0.500000	0.000000	0.000000	0.883590	1.027809
"105D"	1620.000000	0.300000	3.000000	0.000000	1.200000	0.826087
"105D"	9830.000000	1.285714	0.000000	1.000000	2.000000	2.500000
"105D"	8860.000000	5.000000	0.000000	1.000000	1.875000	3.700000
"105D"	1553.000000	0.000000	0.000000	0.000000	1.151786	1.142857
"105D"	2870.000000	0.500000	0.000000	1.000000	0.686782	1.853448
"105D"	9428.000000	0.939394	0.000000	1.000000	3.187500	2.409375
"105D"	8917.000000	2.000000	0.000000	1.000000	3.058824	1.069412
"105D"	100.000000	0.000000	0.000000	0.000000	2.818182	2.103896
"105D"	9016.000000	0.437500	0.000000	1.000000	3.096774	3.600000
"105D"	9832.000000	0.000000	0.000000	0.000000	0.961538	0.815789
"105D"	1412.000000	0.960000	0.000000	0.000000	1.234375	0.983553
"105D"	9813.000000	1.500000	0.000000	0.000000	0.947368	1.174342
"105D"	9799.000000	1.600000	0.000000	0.000000	1.030303	0.909091
"105D"	9781.000000	0.333333	0.000000	0.000000	1.060150	1.461039
"105D"	9060.000000	1.000000	0.000000	1.000000	2.410714	1.653061
"105D"	1349.000000	0.000000	2.000000	0.000000	1.059829	0.849673
"105D"	9089.000000	0.000000	0.000000	1.000000	2.750000	2.775000
"105D"	9138.000000	2.200000	0.000000	1.000000	4.421053	3.442105
"105D"	9721.000000	4.407407	1.000000	0.000000	0.977733	0.978550
"105D"	1284.000000	1.625000	0.000000	0.000000	0.818182	1.085106
"105D"	9150.000000	0.437500	0.000000	1.000000	1.760000	2.300000
"105D"	9170.000000	0.545455	0.000000	1.000000	2.400000	3.540000
"105D"	9708.000000	0.000000	0.000000	0.000000	1.078947	1.171053
"105D"	9687.000000	3.500000	0.000000	0.000000	0.561404	0.400810
"105D"	9288.000000	0.000000	0.000000	1.000000	2.200000	1.750000
"105D"	9682.000000	0.625000	0.000000	0.000000	1.023077	0.969231
"105D"	9673.000000	0.958333	0.000000	0.000000	1.232609	0.883399
"105D"	9651.000000	0.000000	0.000000	0.000000	1.071429	1.004464
"105D"	2620.000000	0.000000	0.000000	1.000000	4.400000	3.030769
"105D"	2603.000000	0.444444	0.000000	1.000000	3.375000	2.798077
"105D"	2552.000000	0.468750	0.000000	1.000000	2.491935	2.986175
"105D"	9629.000000	0.000000	0.000000	0.000000	0.900000	0.830769
"105D"	2538.000000	0.833333	0.000000	1.000000	4.181818	1.022727
"105D"	2450.000000	0.000000	0.000000	1.000000	2.280000	2.900000
"105D"	3103.000000	0.285714	0.000000	1.000000	0.541667	1.016667
"105D"	2429.000000	0.485714	0.000000	1.000000	1.911765	2.982353
"105D"	9518.000000	0.970588	0.000000	0.000000	1.076923	1.000000
"105D"	2417.000000	0.285714	0.000000	1.000000	3.500000	1.500000
"105D"	9498.000000	0.000000	0.000000	0.000000	0.885714	1.110390
"105D"	3164.000000	0.000000	0.000000	1.000000	1.405714	3.342857
"105D"	5973.000000	3.000000	0.000000	1.000000		1.477941
"105D"	2259.000000	0.700000	0.000000	1.000000	1.092593	0.437500
"105D"	9408.000000	0.361111	0.000000	0.000000	2.142857	2.866667
"105D"	9367.000000	0.000000	0.000000	0.000000	1.076923	1.240385
"105D"	3245.000000	0.000000	0.000000	1.000000	3.068182	2.502674
"105D"	9314.000000	1.333333	0.000000	0.000000	1.062500	1.265625
"105D"	967.000000	0.857143	0.000000	0.000000	1.025000	1.040984
"105D"	9214.000000	2.818182	0.000000	0.000000	0.805263	0.918367
"105D"	949.000000	0.562500	0.000000	0.000000	1.054545	1.269767
"105D"	1990.000000	0.916667	0.000000	1.000000	3.545455	3.818182
"105D"	9106.000000	0.379310	0.000000	0.000000	0.797619	0.985714
"105D"	3510.000000	0.000000	1.000000	1.000000	4.090909	1.309091
"105D"	9441.000000	1.000000	0.000000	1.000000	2.500000	2.604167
"105D"	1440.000000	0.000000	0.000000	1.000000		1.230000
"105D"	1423.000000	0.000000	0.000000	1.000000	3.774194	2.870968
"105D"	1372.000000	5.000000	0.000000	1.000000		2.250000
"105D"	3539.000000	0.000000	0.000000	1.000000	3.423529	2.329412
"105D"	1321.000000	3.800000	0.000000	1.000000	1.291667	2.270833
"105D"	9064.000000	0.000000	0.000000	0.000000	1.060606	0.562500
"105D"	9024.000000	0.000000	0.000000	0.000000	1.161765	0.941667
"105D"	1226.000000	0.000000	0.000000	1.000000	3.520000	2.076923
"105D"	3610.000000	0.000000	0.000000	1.000000	4.333333	2.219298
"105D"	1121.000000	0.937500	0.000000	1.000000	0.762500	0.985000
"105D"	8980.000000	3.240000	0.000000	0.000000	1.134615	0.984694
"105D"	3612.000000	0.000000	0.000000	1.000000	2.400000	3.750000
"105D"	1028.000000	1.000000	0.000000	1.000000	2.192308	2.804734
"105D"	9488.000000	1.833333	2.000000	1.000000	3.000000	2.057143
"105D"	3697.000000	0.555556	0.000000	1.000000	5.437500	1.392857
"105D"	946.000000	1.769231	0.000000	1.000000	2.125000	3.750000
"105D"	8838.000000	0.250000	0.000000	0.000000	1.022727	0.954545
"105D"	8789.000000	1.000000	0.000000	0.000000	0.910714	0.983193
"105D"	866.000000	3.583333	0.000000	1.000000	3.272727	0.729947
"105D"	807.000000	2.250000	0.000000	1.000000	2.314286	2.785714
"105D"	772.000000	0.000000	0.000000	1.000000	2.318182	2.242424
"105D"	765.000000	1.000000	0.000000	1.000000	1.680000	3.925714
"105D"	3811.000000	0.000000	0.000000	1.000000	3.142857	2.571429
"105D"	648.000000	0.000000	0.000000	1.000000	2.818966	2.298851
"105D"	8713.000000	0.000000	0.000000	0.000000	1.172414	1.119940
"105D"	8673.000000	0.000000	0.000000	0.000000	1.107143	1.125000
"105D"	878.000000	0.000000	2.000000	0.000000	2.657143	1.608791
"105D"	8607.000000	1.000000	0.000000	0.000000	1.016447	1.100806
"105D"	8541.000000	0.250000	0.000000	0.000000		0.900000
"105D"	3927.000000	1.166667	0.000000	1.000000	1.707692	1.650000
"105D"	3930.000000	1.200000	0.000000	1.000000	2.250000	1.500000
"105D"	3970.000000	0.437500	0.000000	1.000000	0.854839	3.399194
"105D"	8401.000000	0.000000	0.000000	0.000000	0.888889	0.960938
"105D"	8392.000000	0.000000	0.000000	0.000000	0.963068	0.964286
"105D"	4105.000000	2.125000	0.000000	1.000000	1.681319	3.071429
"105D"	4127.000000	3.240000	0.000000	1.000000	3.250000	2.928571
"105D"	8345.000000	0.406250	0.000000	0.000000	0.870968	1.070968
"105D"	9897.000000	1.583333	2.000000	1.000000	1.753623	2.673913
"105D"	4240.000000	1.062500	0.000000	1.000000	3.800000	1.170370
"105D"	8234.000000	0.000000	0.000000	0.000000	0.979167	1.181250
"105D"	8205.000000	1.705882	0.000000	0.000000	0.871324	1.250000
"105D"	8125.000000	1.960000	0.000000	0.000000	1.250000	0.831790
"105D"	157.000000	0.000000	0.000000	1.000000	0.100000	0.421642
"105D"	8094.000000	0.000000	0.000000	0.000000	0.900000	0.919643
"105D"	4256.000000	1.736842	0.000000	1.000000	4.833333	2.055556
"105D"	94.000000	1.454545	0.000000	1.000000	3.825000	2.550000
"105D"	4339.000000	2.200000	0.000000	1.000000	2.777778	2.027778
"105D"	82.000000	0.619048	0.000000	1.000000	2.850000	3.712500
"105D"	56.000000	0.000000	0.000000	1.000000	1.800000	3.587500
"105D"	4419.000000	2.529412	0.000000	1.000000	2.062500	3.562500
"100D"	9882.000000	2.411765	0.000000	0.000000	1.125000	0.865809
"100D"	6563.000000	0.000000	0.000000	1.000000	4.392857	1.307882
"100D"	9919.000000	0.000000	0.000000	0.000000	1.383621	0.899631
"100D"	5028.000000	0.000000	0.000000	1.000000	2.177778	2.598765
"100D"	688.000000	0.000000	0.000000	0.000000	0.964286	0.982759
"100D"	9724.000000	1.285714	0.000000	1.000000	2.238462	2.356275
"100D"	4939.000000	0.500000	0.000000	1.000000	1.800000	3.000000
"100D"	6523.000000	1.923077	0.000000	1.000000	2.062500	2.964286
"100D"	2957.000000	3.750000	0.000000	1.000000	3.714286	4.414286
"100D"	7515.000000	0.000000	0.000000	0.000000	1.035714	1.050000
"100D"	7575.000000	0.000000	0.000000	0.000000	0.765625	1.067308
"100D"	7578.000000	1.066667	0.000000	0.000000	0.942857	0.952381
"100D"	4720.000000	3.517241	0.000000	1.000000	4.114286	2.709184
"100D"	6699.000000	0.000000	0.000000	1.000000	2.343750	2.296875
"100D"	3477.000000	0.000000	0.000000	0.000000	1.438914	1.039216
"100D"	9782.000000	2.150000	0.000000	1.000000	2.477733	1.473684
"100D"	8868.000000	1.000000	0.000000	1.000000	0.450000	2.350000
"100D"	3441.000000	0.529412	2.000000	0.000000	1.261364	1.155844
"100D"	4100.000000	0.444444	0.000000	0.000000	1.159664	1.131846
"100D"	4668.000000	1.727273	0.000000	1.000000	2.100000	3.030000
"100D"	1530.000000	0.000000	4.000000	0.000000	1.142857	1.120408
"100D"	5483.000000	0.000000	0.000000	0.000000	0.919048	0.980392
"100D"	3410.000000	0.000000	0.000000	0.000000	0.986667	0.964286
"100D"	4581.000000	0.000000	0.000000	1.000000	1.053571	0.605263
"100D"	7776.000000	0.000000	0.000000	0.000000	1.250000	1.146429
"100D"	9021.000000	0.944444	0.000000	1.000000	2.205882	4.470588
"100D"	4551.000000	0.944444	0.000000	1.000000	2.635714	2.541615
"100D"	7853.000000	0.000000	0.000000	0.000000	1.187500	0.916327
"100D"	751.000000	0.000000	0.000000	0.000000	1.184211	1.109023
"100D"	4463.000000	1.344828	0.000000	1.000000	2.571429	4.098214
"100D"	7966.000000	2.064516	1.000000	0.000000	1.105263	1.102703
"100D"	2125.000000	0.000000	0.000000	0.000000	1.109091	1.011570
"100D"	3268.000000	0.000000	0.000000	0.000000	1.114583	1.018519
"100D"	9092.000000	2.166667	0.000000	1.000000	1.200000	1.387500
"100D"	136.000000	0.333333	0.000000	1.000000	2.600000	2.800000
"100D"	6748.000000	0.000000	0.000000	1.000000	3.000000	1.300000
"100D"	5039.000000	0.000000	0.000000	1.000000	2.282297	1.625598
"100D"	8185.000000	0.000000	0.000000	0.000000	1.100000	0.771429
"100D"	1220.000000	0.000000	0.000000	0.000000	1.119816	1.077139
"100D"	289.000000	0.250000	0.000000	0.000000	1.120000	1.007692
"100D"	3165.000000	1.000000	0.000000	0.000000	1.050000	1.058824
"100D"	995.000000	0.000000	0.000000	0.000000	0.957237	0.857143
"100D"	8189.000000	1.500000	0.000000	0.000000	0.896000	1.066286
"100D"	9267.000000	0.529412	0.000000	1.000000	2.437500	1.612500
"100D"	6186.000000	0.000000	0.000000	1.000000	1.500000	3.016667
"100D"	6376.000000	2.533333	0.000000	1.000000	2.071429	1.392857
"100D"	2739.000000	0.481481	0.000000	1.000000	2.480769	1.823077
"100D"	2676.000000	3.000000	0.000000	1.000000	1.875000	0.647436
"100D"	788.000000	0.380952	0.000000	0.000000	0.939474	0.943548
"100D"	8292.000000	0.400000	0.000000	0.000000	1.208333	0.968750
"100D"	9732.000000	3.076923	0.000000	1.000000	2.071429	3.000000
"100D"	2605.000000	1.714286	0.000000	1.000000	0.891667	1.068000
"100D"	1980.000000	1.027778	0.000000	0.000000	0.746939	0.303336
"100D"	4237.000000	3.857143	0.000000	1.000000	1.615385	2.815385
"100D"	3053.000000	0.000000	1.000000	0.000000	0.964286	0.987578
"100D"	3690.000000	0.611111	0.000000	0.000000	0.941176	0.831373
"100D"	4035.000000	2.111111	0.000000	1.000000	2.117647	2.172794
"100D"	7802.000000	1.300000	0.000000	1.000000	2.133621	2.741379
"100D"	242.000000	0.000000	0.000000	0.000000	0.858696	0.966667
"100D"	1964.000000	0.000000	0.000000	0.000000	1.149351	0.954545
"100D"	8468.000000	0.466667	0.000000	0.000000	2.620690	3.284483
"100D"	2356.000000	0.000000	0.000000	1.000000	3.400000	4.714286
"100D"	5902.000000	0.000000	0.000000	0.000000	1.038961	0.975155
"100D"	7830.000000	3.000000	0.000000	1.000000	4.000000	2.066667
"100D"	377.000000	0.500000	0.000000	0.000000	0.993464	1.235294
"100D"	7888.000000	0.363636	0.000000	1.000000	2.785714	3.025000
"100D"	24.000000	1.055556	0.000000	1.000000	2.014286	1.605714
"100D"	2876.000000	0.470588	0.000000	0.000000	0.890625	0.812500
"100D"	6020.000000	0.000000	0.000000	0.000000	0.929348	0.823370
"100D"	2845.000000	0.000000	0.000000	0.000000	0.916667	1.045714
"100D"	6057.000000	0.000000	0.000000	0.000000	0.955714	0.960000
"100D"	7926.000000	1.321429	0.000000	1.000000	2.129630	2.187500
"100D"	2033.000000	0.409091	0.000000	1.000000		3.261905
"100D"	3909.000000	2.424242	0.000000	1.000000	1.212054	1.258929
"100D"	3942.000000	0.000000	0.000000	0.000000	0.937500	0.917308
"100D"	3760.000000	0.375000	0.000000	1.000000		1.843874
"100D"	4632.000000	0.382353	0.000000	0.000000	0.969697	1.162055
"100D"	1730.000000	0.000000	0.000000	1.000000	3.400000	2.556818
"100D"	1607.000000	3.857143	0.000000	1.000000	2.051282	2.584615
"100D"	1583.000000	0.000000	0.000000	1.000000	6.428571	1.466165
"100D"	1571.000000	0.000000	0.000000	1.000000	3.075000	1.612500
"100D"	331.000000	0.000000	0.000000	0.000000	1.000000	0.893939
"100D"	1443.000000	2.454545	0.000000	1.000000	1.237500	1.875000
"100D"	8830.000000	1.941176	0.000000	0.000000	0.702020	1.600000
"100D"	5107.000000	0.357143	0.000000	0.000000	0.895928	0.923077
"100D"	8903.000000	0.000000	0.000000	0.000000	1.050000	0.982500
"100D"	6088.000000	0.000000	0.000000	0.000000	3.937500	2.949519
"100D"	5998.000000	0.590909	0.000000	1.000000	4.071429	2.057143
"100D"	1217.000000	1.888889	0.000000	1.000000	2.250000	1.666667
"100D"	3671.000000	1.071429	0.000000	1.000000	2.736264	2.192308
"100D"	6633.000000	4.250000	0.000000	1.000000	1.090909	3.272727
"100D"	8978.000000	0.500000	3.000000	0.000000	0.978610	1.181818
"100D"	3581.000000	2.451613	2.000000	1.000000		5.000000
"100D"	996.000000	0.000000	0.000000	1.000000	1.772727	2.386364
"100D"	6362.000000	0.000000	0.000000	0.000000	0.947368	0.802363
"100D"	9653.000000	0.800000	0.000000	1.000000	3.000000	0.801418
"100D"	947.000000	2.866667	0.000000	1.000000	3.051724	1.422414
"100D"	886.000000	1.200000	0.000000	1.000000	2.052632	1.082707
"100D"	6593.000000	0.583333	0.000000	0.000000	1.060606	1.102273
"100D"	812.000000	0.000000	0.000000	1.000000	0.619433	1.975962
"100D"	3572.000000	0.000000	0.000000	1.000000	3.375000	3.375000
"100D"	9034.000000	0.000000	0.000000	0.000000	1.133333	1.015385
"100D"	4305.000000	0.363636	0.000000	0.000000		0.897837
"100D"	9887.000000	0.421053	0.000000	1.000000	2.214286	1.114583
"100D"	3524.000000	0.857143	0.000000	1.000000	1.833333	1.303571
"100D"	5727.000000	0.956522	2.000000	1.000000	2.688312	4.041322
"100D"	4299.000000	0.000000	0.000000	0.000000	0.966752	0.916476
"100D"	522.000000	0.968750	0.000000	1.000000	3.096774	3.483871
"100D"	5218.000000	0.888889	0.000000	0.000000	1.080882	1.009191
"100D"	504.000000	3.250000	0.000000	1.000000	3.483871	1.070381
"100D"	5575.000000	0.333333	0.000000	1.000000	2.625000	1.375000
"100D"	4810.000000	0.000000	0.000000	0.000000		0.982143
"100D"	3356.000000	1.750000	0.000000	1.000000	1.591837	0.820669
"100D"	6985.000000	0.600000	0.000000	0.000000	1.557093	1.852941
"100D"	5256.000000	0.666667	0.000000	1.000000	2.000000	0.656250
"100D"	3344.000000	1.000000	1.000000	1.000000	2.571429	0.533077
"100D"	8498.000000	1.000000	0.000000	1.000000	1.900000	0.797143
"100D"	7215.000000	0.444444	4.000000	0.000000	0.085714	1.885714
"100D"	5362.000000	0.000000	0.000000	0.000000	1.050000	1.430769
"100D"	4224.000000	0.000000	0.000000	0.000000	3.278571	2.905714
"100D"	273.000000	0.000000	0.000000	1.000000	1.300000	2.820000
"100D"	3300.000000	2.457143	0.000000	1.000000	2.183824	1.691176
"100D"	260.000000	0.000000	0.000000	1.000000	3.068182	3.181818
"100D"	9337.000000	4.250000	0.000000	0.000000	0.857143	0.839286
"100D"	228.000000	0.923077	0.000000	1.000000	3.500000	3.000000
"100D"	217.000000	0.375000	0.000000	1.000000	1.804511	2.285714
"100D"	7276.000000	2.111111	0.000000	0.000000	0.796875	1.064516
"100D"	5482.000000	0.000000	0.000000	0.000000	1.200000	1.050000
"100D"	178.000000	0.944444	0.000000	1.000000	2.323529	0.436975
"1005"	1791.000000	0.000000	0.000000	0.000000	0.563492	0.762162
"1005"	4462.000000	2.361111	0.000000	1.000000	2.342857	2.424490
"1005"	4406.000000	0.000000	0.000000	1.000000	0.726190	3.591837
"1005"	1437.000000	1.000000	0.000000	1.000000	1.200000	0.654545
"1005"	9221.000000	1.541667	0.000000	1.000000	7.826087	2.478261
"1005"	5723.000000	0.000000	0.000000	0.000000	1.000000	0.956863
"1005"	4057.000000	0.000000	0.000000	1.000000	2.842857	2.785714
"1005"	9500.000000	0.500000	0.000000	1.000000	1.444099	2.785714
"1005"	3912.000000	0.000000	0.000000	1.000000	2.473684	1.200000
"1005"	3342.000000	1.076923	0.000000	1.000000	3.320000	2.386667
"1005"	1869.000000	3.461538	0.000000	1.000000	2.791667	3.150000
"1005"	6952.000000	0.000000	0.000000	1.000000	3.074074	4.916667
"1005"	2118.000000	1.800000	0.000000	0.000000		0.927928
"1005"	5945.000000	1.071429	0.000000	1.000000	4.333333	2.101010
"1005"	2531.000000	2.520000	0.000000	0.000000	1.019737	1.198864
"1005"	5867.000000	0.000000	0.000000	1.000000	3.000000	2.062500
"1005"	1334.000000	0.857143	0.000000	1.000000	3.461538	2.456044
"1005"	8098.000000	0.000000	0.000000	1.000000	2.285714	2.846154
"1005"	8848.000000	0.000000	0.000000	0.000000	0.890110	0.991453
"1005"	2270.000000	2.441176	0.000000	1.000000	1.181818	3.727273
"G5"	3271.000000	0.000000	1.000000	1.000000	2.833333	2.692308
"G5"	2987.000000	0.000000	0.000000	1.000000	3.272727	3.900000
"G5"	2828.000000	1.080000	0.000000	1.000000	1.430556	1.604167
"G5"	9945.000000	0.560000	0.000000	0.000000	1.250000	0.835714
"G5"	9834.000000	0.000000	3.000000	0.000000	1.320000	1.165333
"G5"	9826.000000	0.000000	0.000000	0.000000	0.461538	1.076923
"G5"	9792.000000	0.000000	0.000000	0.000000	1.125000	0.905000
"G5"	9707.000000	0.000000	0.000000	0.000000	1.014706	1.015686
"G5"	9670.000000	1.500000	0.000000	0.000000	1.182692	1.034483
"G5"	9313.000000	0.000000	1.000000	0.000000	1.063636	1.141935
"G5"	9111.000000	2.500000	0.000000	0.000000	0.963158	0.820000
"G5"	9108.000000	0.684211	0.000000	0.000000	1.149123	0.987179
"G5"	9084.000000	0.000000	0.000000	0.000000	1.025641	1.333333
"G5"	2498.000000	1.000000	0.000000	1.000000	0.559615	0.656250
"G5"	9051.000000	0.500000	2.000000	0.000000	1.000000	0.842105
"G5"	8913.000000	2.310345	0.000000	0.000000	1.125000	1.062245
"G5"	8647.000000	0.000000	0.000000	0.000000	1.102273	0.933884
"G5"	8424.000000	0.000000	0.000000	0.000000	0.933333	1.056522
"G5"	8305.000000	0.880000	0.000000	0.000000	0.976190	1.097826
"G5"	8291.000000	1.000000	0.000000	0.000000	1.342857	1.047500
"G5"	8275.000000	0.000000	2.000000	0.000000	1.050000	1.050000
"G5"	7987.000000	0.000000	0.000000	0.000000	1.074074	1.222222
"G5"	7975.000000	0.000000	0.000000	0.000000	0.967742	1.010081
"G5"	7914.000000	0.000000	0.000000	0.000000	1.181818	1.116279
"G5"	7877.000000	0.000000	0.000000	0.000000	0.812808	0.822948
"G5"	2178.000000	0.000000	0.000000	1.000000	6.000000	2.126471
"G5"	7803.000000	0.000000	5.000000	0.000000	3.128571	1.460204
"G5"	7716.000000	0.000000	0.000000	0.000000	0.872910	1.012174
"G5"	7662.000000	3.625000	0.000000	0.000000	0.913043	0.903943
"G5"	7462.000000	0.000000	0.000000	0.000000	1.010695	1.072727
"G5"	6472.000000	0.000000	0.000000	0.000000	0.875000	1.019231
"G5"	6302.000000	0.750000	0.000000	0.000000	0.962567	1.193182
"G5"	6192.000000	2.600000	0.000000	0.000000	1.000000	1.038462
"G5"	5669.000000	0.000000	4.000000	0.000000	1.054688	1.232143
"G5"	5528.000000	0.583333	0.000000	0.000000	3.000000	1.154150
"G5"	5167.000000	0.000000	0.000000	0.000000	0.573529	0.428049
"G5"	4786.000000	3.625000	0.000000	0.000000	1.128571	1.015528
"G5"	1792.000000	0.000000	0.000000	1.000000	3.333333	2.972222
"G5"	4758.000000	1.500000	0.000000	0.000000	1.329966	0.893417
"G5"	1617.000000	1.142857	0.000000	1.000000	3.000000	2.392857
"G5"	4744.000000	0.000000	0.000000	0.000000	1.068182	0.916667
"G5"	4604.000000	1.000000	0.000000	0.000000	1.093645	0.903846
"G5"	1578.000000	2.314286	0.000000	1.000000	2.488235	2.611765
"G5"	4433.000000	0.000000	0.000000	0.000000	1.031746	1.180451
"G5"	1458.000000	0.000000	0.000000	1.000000	2.347826	3.456522
"G5"	4404.000000	2.000000	0.000000	0.000000	1.072464	1.128205
"G5"	4387.000000	0.472222	0.000000	0.000000	3.192857	4.469388
"G5"	4386.000000	1.785714	0.000000	0.000000	0.267206	1.438914
"G5"	4332.000000	0.000000	5.000000	0.000000	0.787500	1.036765
"G5"	4306.000000	0.500000	0.000000	0.000000	0.631579	0.347368
"G5"	4191.000000	0.000000	0.000000	0.000000	1.232143	0.965839
"G5"	3993.000000	0.000000	0.000000	0.000000	0.935294	1.017391
"G5"	3926.000000	0.000000	0.000000	0.000000	3.600000	2.934066
"G5"	3797.000000	0.000000	0.000000	0.000000	0.966752	0.968478
"G5"	3540.000000	0.333333	0.000000	0.000000	1.012500	0.950000
"G5"	3442.000000	0.450000	0.000000	0.000000	1.105263	0.880886
"G5"	3171.000000	0.954545	0.000000	0.000000	0.780952	0.826087
"G5"	3065.000000	0.000000	2.000000	0.000000	1.350932	1.151644
"G5"	3032.000000	0.400000	2.000000	0.000000	1.277778	1.043011
"G5"	3016.000000	2.000000	0.000000	0.000000	1.111111	1.063492
"G5"	2988.000000	0.000000	0.000000	0.000000	1.117284	1.114815
"G5"	2835.000000	0.000000	0.000000	0.000000	0.791667	1.056250
"G5"	2753.000000	1.000000	0.000000	0.000000	1.514706	1.750000
"G5"	2446.000000	0.000000	0.000000	0.000000	1.071429	0.909091
"G5"	2323.000000	0.454545	0.000000	0.000000	0.852632	1.060976
"G5"	1932.000000	0.000000	0.000000	0.000000	0.865385	0.865385
"G5"	1739.000000	0.000000	0.000000	0.000000	1.005682	1.242424
"G5"	1612.000000	0.000000	0.000000	0.000000	1.000000	1.075000
"G5"	1506.000000	0.000000	0.000000	0.000000	1.003846	0.888750
"G5"	1081.000000	0.000000	0.000000	0.000000	1.246537	1.047091
"G5"	1027.000000	1.035714	0.000000	0.000000	0.972222	1.007937
"G5"	902.000000	2.500000	0.000000	0.000000	0.523810	0.619913
"G5"	804.000000	0.000000	0.000000	0.000000	1.341346	1.250000
"G5"	731.000000	0.000000	0.000000	0.000000	1.028571	0.997059
"G5"	684.000000	0.000000	0.000000	0.000000	0.720000	0.946154
"G5"	440.000000	0.350000	0.000000	0.000000	1.140351	0.897129
"G5"	321.000000	0.000000	0.000000	0.000000	1.333333	1.000000
"G5"	243.000000	0.575758	0.000000	0.000000	1.183594	1.044922
"G5"	125.000000	0.000000	0.000000	0.000000	0.851852	0.878788
"G5"	9967.000000	2.200000	0.000000	1.000000	2.000000	1.614035
"G5"	9926.000000	0.441176	0.000000	1.000000	3.909091	2.776860
"G5"	10000.000000	0.000000	1.000000	0.000000	1.000000	0.938462
"G5"	9660.000000	0.357143	0.000000	1.000000	1.125000	1.698413
"G5"	9581.000000	0.000000	0.000000	1.000000	3.900000	2.534211
"G5"	9464.000000	0.000000	0.000000	1.000000	2.666667	3.407407
"G5"	9363.000000	0.000000	0.000000	1.000000	2.416667	2.607143
"G5"	9261.000000	0.000000	0.000000	1.000000	0.730769	2.492308
"G5"	9204.000000	0.000000	0.000000	1.000000	2.266667	2.400000
"G5"	374.000000	0.900000	0.000000	1.000000	2.473684	3.173684
"G5"	9062.000000	1.000000	0.000000	1.000000	3.714286	2.619048
"G5"	8974.000000	0.000000	4.000000	1.000000	4.161290	3.048387
"G5"	8542.000000	0.000000	0.000000	1.000000	1.857143	1.978022
"G5"	8363.000000	0.000000	0.000000	1.000000		4.166667
"G5"	8138.000000	3.468750	0.000000	1.000000		1.506912
"G5"	7655.000000	1.285714	0.000000	1.000000	0.875000	1.857143
"G5"	7407.000000	1.666667	0.000000	1.000000	2.850000	1.875000
"G5"	7063.000000	3.176471	0.000000	1.000000	1.818182	2.810606
"G5"	7037.000000	1.032258	0.000000	1.000000	2.266667	3.687500
"G5"	6564.000000	0.000000	0.000000	1.000000	0.664865	1.114286
"G5"	6238.000000	2.970588	0.000000	1.000000	2.672727	3.181818
"G5"	6178.000000	2.440000	0.000000	1.000000	4.100000	2.375000
"G5"	6152.000000	1.555556	0.000000	1.000000	2.307692	1.406250
"G5"	186.000000	1.000000	0.000000	1.000000	2.601563	1.028017
"G5"	6032.000000	0.000000	0.000000	1.000000		1.821429
"G5"	5309.000000	0.645161	0.000000	1.000000	2.928571	3.200000
"G5"	5104.000000	0.285714	0.000000	1.000000	2.769231	1.897436
"G5"	5080.000000	0.531250	0.000000	1.000000	3.709677	3.406452
"G5"	5037.000000	0.250000	0.000000	1.000000	3.257143	2.785714
"G5"	4882.000000	0.375000	0.000000	1.000000	2.357143	2.571429
"G5"	4691.000000	0.727273	0.000000	1.000000	3.150000	1.820000
"G5"	4377.000000	2.437500	0.000000	1.000000	2.600000	1.171429
"G5"	3935.000000	0.458333	0.000000	1.000000	1.739130	1.024845
"G5"	3915.000000	0.000000	0.000000	1.000000	2.715789	1.973684
"G5"	3801.000000	3.125000	2.000000	1.000000	3.521739	2.135870
"G5"	3453.000000	0.000000	0.000000	1.000000	1.260000	2.362105
"SG200"	3377.000000	0.000000	0.000000	0.000000	0.928571	1.000000
"SG200"	3391.000000	0.000000	0.000000	0.000000		1.236842
"SG200"	7437.000000	0.000000	0.000000	1.000000	2.823529	2.268908
"SG200"	3402.000000	0.000000	0.000000	0.000000	0.956790	0.823232
"SG200"	298.000000	0.000000	0.000000	0.000000		0.879808
"SG200"	7666.000000	0.000000	0.000000	0.000000	0.926667	0.842342
"SG200"	8784.000000	0.000000	0.000000	0.000000	1.168831	0.886364
"SG200"	3498.000000	0.000000	3.000000	0.000000	0.680000	1.266667
"SG200"	3504.000000	0.550000	0.000000	0.000000	0.750000	0.884211
"SG200"	3557.000000	0.611111	6.000000	0.000000	0.493506	0.851786
"SG200"	3622.000000	0.366667	0.000000	0.000000	1.291034	1.159977
"SG200"	3633.000000	0.000000	0.000000	0.000000	1.211111	1.192982
"SG200"	3702.000000	0.642857	0.000000	0.000000	0.944056	0.901099
"SG200"	3723.000000	0.000000	0.000000	0.000000	0.875000	1.111111
"SG200"	3752.000000	3.090909	0.000000	0.000000		1.500000
"SG200"	8815.000000	0.583333	0.000000	0.000000	0.863636	1.049407
"SG200"	3454.000000	0.483871	0.000000	1.000000	1.300000	0.850000
"SG200"	7752.000000	0.000000	0.000000	0.000000		1.206897
"SG200"	3808.000000	0.656250	0.000000	0.000000	0.939279	1.068724
"SG200"	7175.000000	0.000000	0.000000	1.000000	2.877778	1.539683
"SG200"	691.000000	0.956522	4.000000	0.000000	0.923754	0.954545
"SG200"	9127.000000	0.833333	0.000000	0.000000	0.965909	1.174242
"SG200"	3821.000000	1.083333	0.000000	0.000000	1.090909	0.960000
"SG200"	7079.000000	0.750000	0.000000	1.000000	2.250000	2.890909
"SG200"	343.000000	2.437500	2.000000	0.000000	1.111111	0.969231
"SG200"	414.000000	0.538462	0.000000	0.000000	0.916667	0.986111
"SG200"	7010.000000	1.384615	0.000000	1.000000	3.062500	1.863636
"SG200"	3862.000000	0.000000	0.000000	0.000000	0.926471	1.333333
"SG200"	3867.000000	0.454545	1.000000	0.000000	2.357143	2.300000
"SG200"	9129.000000	0.807692	1.000000	0.000000	0.850909	1.155789
"SG200"	3924.000000	0.000000	0.000000	0.000000	1.093846	1.005000
"SG200"	7887.000000	2.935484	0.000000	0.000000	1.146154	0.847525
"SG200"	8908.000000	0.000000	0.000000	0.000000	1.058036	1.142857
"SG200"	6935.000000	0.483871	0.000000	1.000000	2.200000	0.573196
"SG200"	7908.000000	3.307692	2.000000	0.000000	1.016667	1.259615
"SG200"	4018.000000	0.000000	1.000000	0.000000	0.937500	1.095238
"SG200"	6879.000000	1.032258	0.000000	1.000000	2.125000	0.676000
"SG200"	4069.000000	0.461538	0.000000	0.000000	1.120000	0.850435
"SG200"	8912.000000	0.900000	1.000000	0.000000	0.931034	1.037525
"SG200"	4120.000000	0.000000	4.000000	0.000000	2.005435	1.527950
"SG200"	9147.000000	0.000000	0.000000	0.000000	0.740741	0.987179
"SG200"	6801.000000	1.062500	3.000000	1.000000	2.400000	1.533333
"SG200"	4276.000000	0.250000	0.000000	0.000000	1.299145	1.138889
"SG200"	4320.000000	0.677419	0.000000	0.000000	1.200000	1.065625
"SG200"	7986.000000	0.571429	0.000000	0.000000	1.142857	0.937500
"SG200"	4440.000000	3.571429	0.000000	1.000000	2.000000	0.787037
"SG200"	4579.000000	0.437500	0.000000	0.000000	1.114286	1.062500
"SG200"	4582.000000	0.666667	0.000000	0.000000	0.937500	1.214063
"SG200"	4594.000000	0.571429	3.000000	0.000000	0.972222	0.922939
"SG200"	4425.000000	0.272727	0.000000	1.000000	2.700000	1.928571
"SG200"	4617.000000	0.560000	0.000000	0.000000	1.052632	1.042969
"SG200"	3353.000000	0.000000	0.000000	1.000000	2.635714	3.235714
"SG200"	4829.000000	0.636364	0.000000	0.000000	0.904762	0.925926
"SG200"	4862.000000	0.500000	0.000000	0.000000	1.106061	1.048128
"SG200"	4949.000000	0.000000	0.000000	0.000000	1.125000	0.804688
"SG200"	7993.000000	2.461538	0.000000	0.000000	0.952941	0.966923
"SG200"	441.000000	0.000000	0.000000	0.000000	0.962963	1.090535
"SG200"	5041.000000	0.000000	1.000000	0.000000	1.803030	0.848485
"SG200"	7994.000000	3.062500	0.000000	0.000000	1.175000	0.785714
"SG200"	7843.000000	0.000000	0.000000	0.000000		0.913621
"SG200"	5053.000000	0.571429	0.000000	0.000000	1.134375	1.178571
"SG200"	7997.000000	1.181818	0.000000	0.000000	1.000000	1.148276
"SG200"	5060.000000	0.000000	1.000000	0.000000	1.285714	0.937500
"SG200"	9207.000000	0.000000	0.000000	0.000000	0.944118	1.343891
"SG200"	5078.000000	0.000000	0.000000	0.000000	0.828571	1.007143
"SG200"	5089.000000	1.125000	0.000000	0.000000	1.066667	0.834783
"SG200"	6404.000000	1.384615	0.000000	1.000000	2.125000	0.548611
"SG200"	4357.000000	0.533333	0.000000	1.000000	3.250000	1.210714
"SG200"	5177.000000	2.472222	0.000000	0.000000	2.777143	1.368000
"SG200"	8010.000000	0.454545	0.000000	0.000000	0.952381	0.867725
"SG200"	5233.000000	2.090909	0.000000	0.000000	1.371429	0.909774
"SG200"	4319.000000	0.000000	0.000000	1.000000	4.781250	3.206250
"SG200"	5247.000000	0.000000	0.000000	0.000000	1.147059	1.000000
"SG200"	9228.000000	1.142857	0.000000	0.000000	0.913793	0.958333
"SG200"	511.000000	2.909091	0.000000	0.000000	0.966667	0.917647
"SG200"	5377.000000	0.000000	0.000000	0.000000	0.875598	0.850267
"SG200"	5384.000000	0.000000	0.000000	0.000000	0.853125	0.800000
"SG200"	5401.000000	0.545455	0.000000	0.000000	1.005682	0.951562
"SG200"	3339.000000	0.375000	0.000000	1.000000	1.471429	1.675000
"SG200"	5460.000000	0.941176	0.000000	0.000000	0.858173	1.036184
"SG200"	5613.000000	0.000000	0.000000	0.000000	1.142857	1.179487
"SG200"	8146.000000	0.000000	2.000000	0.000000	1.095238	1.007792
"SG200"	517.000000	0.444444	0.000000	0.000000	1.093750	1.281250
"SG200"	9552.000000	2.375000	0.000000	0.000000	1.214286	0.857143
"SG200"	8277.000000	0.000000	0.000000	0.000000	0.900826	0.818182
"SG200"	5648.000000	0.000000	0.000000	0.000000	0.923077	0.873077
"SG200"	5710.000000	0.000000	3.000000	0.000000	0.942529	0.934372
"SG200"	8304.000000	0.000000	0.000000	0.000000	0.833333	0.861111
"SG200"	5817.000000	0.000000	0.000000	0.000000	0.732143	1.004464
"SG200"	5860.000000	2.058824	0.000000	0.000000	0.878906	1.067308
"SG200"	9939.000000	1.523810	0.000000	1.000000		2.150000
"SG200"	5909.000000	0.555556	0.000000	0.000000	0.954545	1.102500
"SG200"	5917.000000	0.411765	0.000000	0.000000	1.058036	1.013672
"SG200"	6005.000000	0.400000	0.000000	1.000000	2.821317	1.286638
"SG200"	6191.000000	1.000000	0.000000	0.000000	0.984848	0.988889
"SG200"	6212.000000	0.000000	0.000000	0.000000	1.312500	1.000000
"SG200"	9018.000000	0.000000	0.000000	1.000000	1.750000	2.250000
"SG200"	6286.000000	0.000000	0.000000	0.000000	1.048387	0.942986
"SG200"	6373.000000	1.642857	0.000000	0.000000	1.938462	1.605351
"SG200"	5942.000000	0.000000	0.000000	1.000000	2.343750	3.214286
"SG200"	6382.000000	0.000000	0.000000	0.000000	1.003571	1.006211
"SG200"	8338.000000	0.000000	0.000000	0.000000	1.000000	0.906593
"SG200"	5895.000000	0.904762	0.000000	1.000000	3.300000	2.900000
"SG200"	6543.000000	0.555556	0.000000	0.000000	0.825000	0.954545
"SG200"	773.000000	0.000000	0.000000	0.000000	1.222222	0.876543
"SG200"	6592.000000	0.608696	0.000000	0.000000	0.991736	0.988636
"SG200"	5843.000000	1.464286	0.000000	1.000000	2.166667	1.650794
"SG200"	5770.000000	1.043478	0.000000	1.000000	1.675325	1.000000
"SG200"	6608.000000	3.000000	0.000000	0.000000	0.941176	1.007722
"SG200"	6629.000000	0.000000	0.000000	0.000000	1.035088	1.111111
"SG200"	6640.000000	0.545455	0.000000	0.000000	1.178571	0.847826
"SG200"	8365.000000	0.571429	0.000000	0.000000	1.252747	0.887019
"SG200"	6687.000000	0.000000	0.000000	0.000000	0.927632	1.024038
"SG200"	8371.000000	0.000000	0.000000	0.000000	1.000000	1.227692
"SG200"	6716.000000	1.028571	0.000000	0.000000	1.179144	1.640138
"SG200"	8381.000000	0.000000	0.000000	0.000000	0.796339	1.105263
"SG200"	6743.000000	1.562500	0.000000	0.000000	1.225806	0.903226
"SG200"	6843.000000	0.000000	0.000000	0.000000	1.375000	1.058824
"SG200"	6914.000000	0.000000	0.000000	0.000000	1.031056	1.264214
"SG200"	6921.000000	0.555556	0.000000	0.000000	1.561086	1.877005
"SG200"	6945.000000	0.900000	0.000000	0.000000	0.949495	1.016667
"SG200"	6969.000000	0.800000	0.000000	0.000000	1.111111	0.875000
"SG200"	8384.000000	1.111111	0.000000	0.000000	1.275000	1.026786
"SG200"	6970.000000	1.038462	0.000000	0.000000	1.095484	0.892500
"SG200"	8409.000000	1.000000	0.000000	0.000000	1.149194	1.057604
"SG200"	5456.000000	2.818182	0.000000	1.000000	1.142857	2.339286
"SG200"	9030.000000	0.517241	0.000000	0.000000	1.014706	0.988095
"SG200"	9458.000000	0.961538	0.000000	0.000000	2.352000	0.795000
"SG200"	7088.000000	0.000000	0.000000	0.000000	1.357895	1.618421
"SG200"	8428.000000	2.166667	0.000000	0.000000	0.942857	0.930000
"SG200"	8484.000000	0.000000	0.000000	0.000000	1.137931	1.000000
"SG200"	3162.000000	2.000000	0.000000	1.000000	3.535714	2.589286
"SG200"	560.000000	0.000000	0.000000	0.000000	1.100000	0.858974
"SG200"	8507.000000	0.000000	0.000000	0.000000	1.137931	1.018149
"SG200"	7122.000000	0.000000	0.000000	0.000000	1.052632	0.964912
"SG200"	7152.000000	0.000000	10.000000	0.000000	0.779221	0.896104
"SG200"	5191.000000	0.785714	0.000000	1.000000	2.076923	1.186813
"SG200"	8520.000000	0.000000	0.000000	0.000000	1.071429	1.000000
"SG200"	554.000000	0.000000	0.000000	0.000000	0.807692	0.969231
"SG200"	9522.000000	2.250000	0.000000	1.000000	2.550000	1.789286
"SG200"	5074.000000	0.409091	0.000000	1.000000	2.857143	2.535714
"SG200"	7334.000000	1.100000	1.000000	0.000000	1.033333	1.027778
"SG200"	9099.000000	0.571429	0.000000	0.000000	1.088235	1.025000
"SG200"	8570.000000	1.558824	0.000000	0.000000	1.058442	1.082645
"SG200"	5019.000000	0.000000	0.000000	1.000000	1.500000	2.187970
"SG200"	9347.000000	0.000000	0.000000	0.000000	0.940092	1.175806
"SG200"	4966.000000	1.750000	0.000000	1.000000		1.315271
"SG200"	7473.000000	0.000000	0.000000	0.000000	1.209486	1.500000
"SG200"	7484.000000	1.100000	0.000000	0.000000	1.055556	1.033333
"SG200"	7540.000000	1.500000	0.000000	0.000000	0.978947	1.155125
"SG200"	8598.000000	0.000000	0.000000	0.000000	1.434286	1.683673
"SG200"	8653.000000	0.000000	0.000000	0.000000	1.150000	1.121429
"SG200"	8732.000000	0.000000	0.000000	0.000000	0.855072	1.241234
"SG200"	4849.000000	0.375000	0.000000	1.000000	2.357143	2.035714
"SG200"	4846.000000	0.950000	0.000000	1.000000		1.072682
"SG200"	7571.000000	0.500000	0.000000	0.000000	0.920000	1.000000
"SG200"	677.000000	0.545455	1.000000	0.000000	1.075000	1.312500
"SG200"	7617.000000	0.000000	0.000000	0.000000	1.096639	1.071429
"SG200"	8771.000000	0.000000	0.000000	0.000000	1.071429	0.783835
"SG200"	557.000000	1.166667	0.000000	0.000000	1.080000	0.985714
"SG200"	3024.000000	2.090909	1.000000	1.000000	4.200000	1.530000
"SG200"	9574.000000	0.000000	0.000000	0.000000	1.225000	0.866667
"SG200"	9578.000000	0.000000	2.000000	0.000000	1.033613	1.035806
"SG200"	9512.000000	0.000000	0.000000	1.000000	2.500000	2.710000
"SG200"	9618.000000	0.000000	0.000000	0.000000	0.705882	0.697861
"SG200"	9862.000000	0.692308	0.000000	0.000000	0.961538	1.039773
"SG200"	9895.000000	1.473684	0.000000	0.000000	0.812500	1.212963
"SG200"	2803.000000	0.565217	3.000000	1.000000	2.442149	2.386364
"SG200"	2782.000000	0.615385	0.000000	1.000000	1.440000	1.207059
"SG200"	9980.000000	0.481481	0.000000	0.000000	1.009615	0.903846
"SG200"	9996.000000	0.617647	0.000000	0.000000	1.583333	1.225806
"SG200"	9504.000000	3.555556	0.000000	1.000000	2.955882	2.672269
"SG200"	865.000000	0.478261	0.000000	0.000000	0.900000	1.114773
"SG200"	884.000000	0.000000	0.000000	0.000000	1.237500	1.810714
"SG200"	908.000000	0.000000	0.000000	0.000000	0.871795	1.224359
"SG200"	2609.000000	0.000000	0.000000	1.000000	2.529412	2.823529
"SG200"	1001.000000	0.000000	0.000000	0.000000	1.218750	0.973684
"SG200"	1016.000000	0.470588	2.000000	0.000000	1.010870	1.026786
"SG200"	9400.000000	1.000000	0.000000	1.000000	1.703704	2.555556
"SG200"	71.000000	0.000000	0.000000	0.000000	1.971429	3.269388
"SG200"	1127.000000	0.000000	0.000000	0.000000	1.095238	0.934729
"SG200"	90.000000	0.000000	0.000000	0.000000	1.020000	0.720000
"SG200"	1135.000000	1.352941	0.000000	0.000000	0.882353	0.903061
"SG200"	1139.000000	0.000000	0.000000	0.000000	0.890374	0.968923
"SG200"	1198.000000	0.714286	0.000000	0.000000	1.159091	0.848837
"SG200"	1331.000000	0.000000	0.000000	0.000000	1.162500	1.279412
"SG200"	1347.000000	0.000000	0.000000	0.000000	1.275000	1.437500
"SG200"	2127.000000	0.000000	0.000000	1.000000	1.950000	3.090000
"SG200"	2123.000000	4.000000	0.000000	1.000000	6.214286	3.241071
"SG200"	1355.000000	0.375000	0.000000	0.000000	0.809524	1.234286
"SG200"	1498.000000	1.062500	0.000000	0.000000	1.032000	0.876596
"SG200"	1994.000000	0.000000	0.000000	1.000000	2.863636	1.694805
"SG200"	113.000000	0.411765	0.000000	0.000000	1.696875	1.421875
"SG200"	1896.000000	1.440000	1.000000	1.000000	2.711538	2.197115
"SG200"	8918.000000	0.571429	0.000000	1.000000	1.739130	3.366667
"SG200"	1512.000000	0.000000	0.000000	0.000000	1.243990	0.940828
"SG200"	1595.000000	0.000000	0.000000	0.000000	1.030303	0.866667
"SG200"	1599.000000	0.920000	0.000000	0.000000	0.583333	0.937500
"SG200"	1686.000000	1.590909	0.000000	1.000000	3.642857	1.098522
"SG200"	1640.000000	0.809524	0.000000	0.000000	0.241667	0.722727
"SG200"	1948.000000	0.000000	0.000000	0.000000	0.984375	0.967330
"SG200"	2106.000000	1.027778	0.000000	0.000000	2.314286	4.525714
"SG200"	2134.000000	1.166667	0.000000	0.000000	1.090909	0.810000
"SG200"	1501.000000	0.000000	0.000000	1.000000	3.184615	2.576923
"SG200"	1492.000000	6.312500	0.000000	1.000000	4.600000	0.283721
"SG200"	4382.000000	3.000000	0.000000	1.000000	2.785714	4.446429
"SG200"	2247.000000	0.933333	0.000000	0.000000		0.912779
"SG200"	1385.000000	0.500000	0.000000	1.000000	3.600000	1.900000
"SG200"	8652.000000	1.466667	0.000000	1.000000	1.935961	3.783251
"SG200"	8620.000000	0.736842	0.000000	1.000000	0.581560	1.212121
"SG200"	8614.000000	1.000000	0.000000	1.000000	2.642857	3.175325
"SG200"	171.000000	0.666667	0.000000	0.000000	0.937500	1.064189
"SG200"	2291.000000	0.833333	0.000000	0.000000	1.050000	1.005882
"SG200"	8534.000000	1.766667	0.000000	1.000000		3.000000
"SG200"	2321.000000	0.000000	0.000000	0.000000	1.012987	0.948328
"SG200"	1163.000000	0.000000	0.000000	1.000000	5.185714	3.702857
"SG200"	1162.000000	0.000000	0.000000	1.000000		3.532258
"SG200"	2340.000000	1.454545	0.000000	0.000000	1.200000	1.001887
"SG200"	8470.000000	1.638889	0.000000	1.000000	4.157143	2.608163
"SG200"	1033.000000	2.000000	0.000000	1.000000	3.545455	2.409091
"SG200"	8411.000000	0.000000	0.000000	1.000000	1.217647	2.294118
"SG200"	2358.000000	0.580645	0.000000	0.000000	0.982353	1.043590
"SG200"	2368.000000	0.400000	0.000000	0.000000	1.000000	0.931373
"SG200"	2371.000000	0.000000	0.000000	0.000000	0.916667	1.071429
"SG200"	202.000000	1.727273	0.000000	0.000000	1.063636	0.981818
"SG200"	927.000000	1.416667	0.000000	1.000000	2.645455	2.509091
"SG200"	919.000000	0.500000	0.000000	1.000000	3.190476	3.085714
"SG200"	2404.000000	1.000000	0.000000	0.000000	0.933333	0.981481
"SG200"	8351.000000	0.400000	0.000000	1.000000	2.250000	1.800000
"SG200"	2454.000000	0.000000	0.000000	0.000000	1.555556	1.099099
"SG200"	857.000000	0.000000	0.000000	1.000000	2.518519	3.208333
"SG200"	2462.000000	1.461538	0.000000	0.000000	0.537037	0.445313
"SG200"	8311.000000	0.000000	0.000000	1.000000	3.833333	2.583333
"SG200"	8273.000000	0.000000	3.000000	1.000000	3.500000	1.987500
"SG200"	748.000000	1.571429	0.000000	1.000000	1.600000	1.134615
"SG200"	2504.000000	1.833333	2.000000	0.000000	1.200000	1.252941
"SG200"	653.000000	1.393939	4.000000	1.000000	3.046875	3.375000
"SG200"	2520.000000	0.000000	6.000000	0.000000	0.984211	1.129268
"SG200"	565.000000	2.000000	0.000000	1.000000	1.481481	1.777778
"SG200"	2546.000000	2.071429	0.000000	0.000000	1.424242	1.003003
"SG200"	9800.000000	0.000000	0.000000	1.000000	1.920000	1.666667
"SG200"	509.000000	0.000000	0.000000	1.000000	5.750000	0.541667
"SG200"	8120.000000	0.000000	0.000000	1.000000	2.444444	3.250000
"SG200"	2660.000000	0.555556	0.000000	0.000000	1.312500	1.200000
"SG200"	8055.000000	1.000000	0.000000	1.000000	7.125000	2.062500
"SG200"	8033.000000	0.714286	0.000000	1.000000	2.500000	3.000000
"SG200"	7981.000000	1.533333	0.000000	1.000000	3.620690	1.705419
"SG200"	2796.000000	1.666667	0.000000	0.000000	1.455378	0.941399
"SG200"	2827.000000	0.000000	0.000000	0.000000	0.960000	1.326220
"SG200"	7920.000000	0.000000	0.000000	1.000000	2.520000	2.550000
"SG200"	7909.000000	1.833333	0.000000	1.000000	2.193103	2.877743
"SG200"	2930.000000	0.714286	0.000000	0.000000	0.928571	1.100000
"SG200"	7826.000000	2.562500	0.000000	1.000000	0.677419	2.428152
"SG200"	2946.000000	0.000000	0.000000	0.000000	0.872727	1.102767
"SG200"	7806.000000	1.500000	0.000000	1.000000	1.015385	1.258741
"SG200"	3031.000000	0.357143	0.000000	0.000000	0.745562	0.439349
"SG200"	3044.000000	0.000000	0.000000	0.000000	0.766667	0.914286
"SG200"	3058.000000	0.000000	0.000000	0.000000	1.090909	1.214286
"SG200"	3086.000000	0.000000	0.000000	0.000000	0.882353	0.942857
"SG200"	7677.000000	0.478261	0.000000	1.000000		1.946970
"SG200"	3108.000000	0.000000	0.000000	0.000000	1.042500	1.310769
"SG200"	7596.000000	1.000000	0.000000	1.000000	1.779904	1.506073
"SG200"	3128.000000	0.000000	0.000000	0.000000	1.093117	1.125000
"SG200"	3301.000000	0.000000	1.000000	0.000000	3.333333	3.041667
"SG200"	3302.000000	0.000000	0.000000	0.000000	1.158088	0.965686
"X5000"	9712.000000	0.583333	0.000000	0.000000	1.363636	0.771760
"X5000"	9827.000000	0.000000	0.000000	0.000000	0.868421	1.009259
"X5000"	7162.000000	6.500000	0.000000	1.000000	1.854545	2.250000
"X5000"	3817.000000	0.000000	0.000000	0.000000	0.944444	0.968254
"X5000"	9917.000000	3.142857	0.000000	0.000000	1.000000	1.095238
"X5000"	9920.000000	0.000000	0.000000	0.000000	1.312500	0.930000
"X5000"	9923.000000	0.000000	0.000000	0.000000	1.103571	1.003846
"X5000"	9506.000000	1.000000	0.000000	1.000000	1.111888	2.942308
"X5000"	9965.000000	0.000000	0.000000	0.000000	1.450000	0.918750
"X5000"	6958.000000	0.000000	0.000000	1.000000	2.750000	2.937500
"X5000"	3925.000000	0.000000	0.000000	0.000000	0.972727	0.984211
"X5000"	3959.000000	0.000000	0.000000	0.000000	1.044444	1.175439
"X5000"	4001.000000	0.000000	0.000000	0.000000	0.848684	0.838235
"X5000"	2747.000000	1.750000	0.000000	1.000000	2.020408	1.767857
"X5000"	2742.000000	0.933333	0.000000	1.000000	0.942857	2.243697
"X5000"	6865.000000	0.000000	0.000000	1.000000	1.029762	2.933333
"X5000"	2705.000000	0.000000	0.000000	1.000000	2.666667	1.234568
"X5000"	4137.000000	0.000000	0.000000	0.000000	1.102041	1.088571
"X5000"	4405.000000	0.617647	0.000000	0.000000	1.116162	1.016043
"X5000"	40.000000	0.428571	0.000000	0.000000	1.062000	1.087500
"X5000"	4491.000000	0.428571	0.000000	0.000000	0.867857	0.940541
"X5000"	4614.000000	1.750000	0.000000	0.000000	1.031250	0.926829
"X5000"	4650.000000	0.500000	0.000000	0.000000	1.314286	1.047368
"X5000"	5017.000000	1.000000	3.000000	0.000000	1.180995	1.003922
"X5000"	2596.000000	5.777778	0.000000	1.000000	0.970588	1.107955
"X5000"	1054.000000	0.000000	0.000000	0.000000		0.895833
"X5000"	6545.000000	1.882353	0.000000	1.000000	1.727273	3.083333
"X5000"	5058.000000	0.000000	2.000000	0.000000	0.923077	0.906694
"X5000"	1091.000000	0.000000	0.000000	0.000000	0.850909	0.890182
"X5000"	2492.000000	5.521739	0.000000	1.000000	2.018182	0.797381
"X5000"	6456.000000	2.133333	0.000000	1.000000		1.528571
"X5000"	1131.000000	1.950000	1.000000	0.000000	1.042105	1.092461
"X5000"	5153.000000	0.000000	0.000000	0.000000	0.838509	0.756522
"X5000"	5193.000000	0.000000	0.000000	0.000000	0.964286	0.839286
"X5000"	6300.000000	2.714286	0.000000	1.000000	3.461538	2.923077
"X5000"	1177.000000	2.454545	0.000000	0.000000	0.780000	0.857143
"X5000"	9876.000000	0.846154	0.000000	1.000000	2.070000	4.020000
"X5000"	5322.000000	0.000000	0.000000	0.000000	0.878824	0.792000
"X5000"	1255.000000	0.000000	3.000000	0.000000	1.007143	0.894545
"X5000"	1318.000000	1.090909	0.000000	0.000000	1.100000	1.130769
"X5000"	6199.000000	2.565217	0.000000	1.000000	2.250000	2.693182
"X5000"	2226.000000	0.000000	0.000000	1.000000		2.136364
"X5000"	6181.000000	1.777778	0.000000	1.000000	2.250000	1.556250
"X5000"	9077.000000	1.588235	0.000000	1.000000	1.391447	3.419118
"X5000"	9683.000000	0.000000	0.000000	1.000000	3.863636	3.102273
"X5000"	9070.000000	1.380952	0.000000	1.000000	5.100000	2.587500
"X5000"	6143.000000	2.625000	0.000000	1.000000	4.333333	1.822222
"X5000"	2119.000000	0.000000	0.000000	1.000000	3.732143	3.232143
"X5000"	9873.000000	0.000000	0.000000	1.000000	2.181818	3.409091
"X5000"	5745.000000	0.000000	0.000000	0.000000	0.916667	1.045455
"X5000"	1462.000000	0.000000	0.000000	0.000000	1.031250	0.964286
"X5000"	3092.000000	0.903226	0.000000	1.000000	2.400000	1.116667
"X5000"	5969.000000	1.600000	0.000000	1.000000	1.416667	4.074074
"X5000"	6489.000000	0.500000	1.000000	0.000000	1.072398	0.948529
"X5000"	5872.000000	0.416667	0.000000	1.000000	3.818182	3.436364
"X5000"	1947.000000	1.555556	0.000000	1.000000	2.653846	0.764706
"X5000"	6682.000000	1.681818	1.000000	0.000000	0.875000	1.000000
"X5000"	5719.000000	0.375000	0.000000	1.000000	1.464286	2.510204
"X5000"	5645.000000	0.000000	0.000000	1.000000	3.875000	3.200000
"X5000"	1536.000000	0.000000	0.000000	0.000000	1.083333	0.890000
"X5000"	5500.000000	0.000000	0.000000	1.000000	1.994318	1.554688
"X5000"	1780.000000	2.941176	0.000000	1.000000	1.254310	2.250000
"X5000"	1732.000000	0.466667	0.000000	1.000000	2.803448	4.577586
"X5000"	6978.000000	0.000000	0.000000	0.000000	1.071429	1.175676
"X5000"	5455.000000	0.000000	0.000000	1.000000	2.555556	2.493056
"X5000"	7062.000000	3.041667	0.000000	0.000000	0.847826	0.906178
"X5000"	7095.000000	0.000000	0.000000	0.000000	1.227273	0.965035
"X5000"	2082.000000	0.000000	0.000000	0.000000	0.889286	0.977679
"X5000"	7113.000000	1.000000	0.000000	0.000000	0.875000	0.891304
"X5000"	5398.000000	1.000000	0.000000	1.000000	1.123377	0.922449
"X5000"	1538.000000	0.000000	0.000000	1.000000	2.614286	3.050000
"X5000"	5320.000000	3.272727	0.000000	1.000000	1.200000	2.180000
"X5000"	528.000000	1.571429	0.000000	0.000000	0.978261	1.212121
"X5000"	2148.000000	0.000000	0.000000	0.000000	0.975000	1.211538
"X5000"	2199.000000	0.000000	0.000000	0.000000	1.111111	1.231579
"X5000"	8735.000000	1.000000	0.000000	1.000000	3.204545	2.147727
"X5000"	8726.000000	2.050000	0.000000	1.000000		2.210526
"X5000"	7322.000000	0.700000	0.000000	0.000000	1.060606	1.076923
"X5000"	9623.000000	0.391304	0.000000	1.000000	1.870130	2.914773
"X5000"	9607.000000	0.000000	0.000000	1.000000	2.882353	3.705882
"X5000"	7429.000000	0.454545	0.000000	0.000000	3.015625	2.542969
"X5000"	7450.000000	0.000000	0.000000	0.000000	0.950000	1.100000
"X5000"	4907.000000	0.450000	0.000000	1.000000	1.964912	2.592105
"X5000"	4896.000000	1.000000	0.000000	1.000000	4.571429	2.071429
"X5000"	23.000000	1.000000	0.000000	0.000000	0.900000	0.990000
"X5000"	4776.000000	0.000000	0.000000	1.000000	1.885714	0.750000
"X5000"	1231.000000	0.833333	0.000000	1.000000	2.454545	2.025974
"X5000"	8522.000000	1.500000	0.000000	1.000000	2.400000	4.000000
"X5000"	8516.000000	1.105263	0.000000	1.000000	1.380952	2.520833
"X5000"	4713.000000	1.354839	0.000000	1.000000	0.769231	2.820000
"X5000"	1179.000000	0.714286	0.000000	1.000000	1.625000	0.670213
"X5000"	7691.000000	0.466667	0.000000	0.000000	0.853448	1.082512
"X5000"	7702.000000	2.928571	0.000000	0.000000	1.223077	0.909091
"X5000"	1155.000000	0.000000	0.000000	1.000000	4.050000	1.275000
"X5000"	4619.000000	0.000000	0.000000	1.000000	1.600000	2.280000
"X5000"	7801.000000	0.480000	0.000000	0.000000	0.908333	0.875000
"X5000"	7838.000000	0.000000	0.000000	0.000000	1.062500	0.875000
"X5000"	8421.000000	1.000000	0.000000	1.000000	2.250000	3.068182
"X5000"	4518.000000	0.681818	0.000000	1.000000	1.857143	3.190476
"X5000"	8396.000000	0.000000	0.000000	1.000000	2.291667	1.246324
"X5000"	992.000000	0.000000	0.000000	1.000000	4.090909	2.532468
"X5000"	7890.000000	1.666667	0.000000	0.000000	1.000000	0.910714
"X5000"	7921.000000	0.000000	0.000000	0.000000	3.570000	2.267647
"X5000"	7946.000000	2.535714	0.000000	0.000000	1.180556	0.920635
"X5000"	4421.000000	0.000000	0.000000	1.000000	1.200000	1.706250
"X5000"	9543.000000	0.000000	0.000000	1.000000	2.571429	2.442857
"X5000"	8012.000000	0.000000	2.000000	0.000000	1.115764	0.980036
"X5000"	8061.000000	2.100000	0.000000	0.000000	1.042105	1.251605
"X5000"	8181.000000	0.428571	0.000000	0.000000	2.021978	3.138462
"X5000"	8347.000000	1.000000	0.000000	1.000000	3.500000	2.200000
"X5000"	4161.000000	0.000000	0.000000	1.000000	2.086957	2.785714
"X5000"	4033.000000	2.529412	0.000000	1.000000	3.484848	0.453228
"X5000"	8422.000000	1.909091	0.000000	0.000000	0.960000	1.008000
"X5000"	2499.000000	0.000000	0.000000	0.000000	0.392727	0.492669
"X5000"	3968.000000	0.535714	0.000000	1.000000	0.931624	4.694444
"X5000"	8532.000000	0.000000	0.000000	0.000000	1.093750	0.855000
"X5000"	8590.000000	1.419355	0.000000	0.000000	0.917778	1.148387
"X5000"	8827.000000	0.000000	0.000000	0.000000	1.211765	1.192593
"X5000"	3731.000000	1.000000	0.000000	1.000000	2.393939	2.545455
"X5000"	8260.000000	0.516129	0.000000	1.000000	3.725000	2.550000
"X5000"	8870.000000	0.363636	0.000000	0.000000	1.200000	0.978947
"X5000"	8219.000000	0.000000	0.000000	1.000000		3.666667
"X5000"	3701.000000	1.954545	0.000000	1.000000	2.514286	2.897959
"X5000"	8940.000000	0.000000	0.000000	0.000000	0.945378	1.392857
"X5000"	3670.000000	2.636364	0.000000	1.000000	2.437500	3.273098
"X5000"	3652.000000	5.300000	0.000000	1.000000	1.833333	1.650794
"X5000"	8964.000000	2.400000	0.000000	0.000000	0.900000	0.971014
"X5000"	492.000000	2.000000	1.000000	1.000000	3.966667	3.188889
"X5000"	487.000000	0.966667	4.000000	1.000000	2.663793	2.327586
"X5000"	2553.000000	2.666667	0.000000	0.000000	0.948529	0.984375
"X5000"	8992.000000	0.000000	0.000000	0.000000	1.000000	0.851852
"X5000"	3599.000000	1.454545	0.000000	1.000000	0.590062	1.170732
"X5000"	2692.000000	0.000000	0.000000	0.000000		1.092105
"X5000"	9027.000000	1.040000	0.000000	0.000000	0.857143	0.814516
"X5000"	2726.000000	0.909091	0.000000	0.000000	0.964286	1.047619
"X5000"	9074.000000	0.000000	0.000000	0.000000	1.607143	1.078818
"X5000"	7979.000000	0.428571	0.000000	1.000000	2.555556	2.311111
"X5000"	9093.000000	0.000000	0.000000	0.000000	1.017857	1.080882
"X5000"	3459.000000	0.960000	0.000000	1.000000	2.100000	3.787500
"X5000"	9243.000000	0.909091	0.000000	0.000000	1.015385	1.024390
"X5000"	3267.000000	0.444444	0.000000	1.000000	2.531250	2.390625
"X5000"	2906.000000	0.434783	0.000000	0.000000	1.741259	3.272727
"X5000"	9296.000000	0.647059	0.000000	0.000000	1.738636	1.550000
"X5000"	2945.000000	2.125000	0.000000	0.000000	1.114286	0.977679
"X5000"	3204.000000	0.000000	0.000000	1.000000	2.111111	3.148148
"X5000"	4198.000000	0.529412	0.000000	1.000000	4.125000	2.468750
"X5000"	3069.000000	1.480000	0.000000	1.000000	5.041667	2.450000
"X5000"	3027.000000	0.484848	0.000000	1.000000	3.140625	3.066964
"X5000"	3423.000000	0.444444	0.000000	0.000000	0.993750	1.166667
"X5000"	3424.000000	0.000000	3.000000	0.000000	2.638095	4.328571
"X5000"	3777.000000	0.000000	0.000000	0.000000	1.214286	1.081633
"X5000"	9908.000000	2.666667	0.000000	1.000000	2.647059	2.647059
"X5000"	226.000000	0.000000	0.000000	0.000000	1.578947	0.795113
"X5000"	9595.000000	0.000000	0.000000	0.000000	0.975962	0.928030
"X5000"	9613.000000	1.500000	1.000000	0.000000	1.078040	0.966316
"X5000"	3795.000000	1.500000	0.000000	0.000000	0.796825	1.000000
"X5000"	3202.000000	0.000000	0.000000	0.000000	1.136364	1.026882
"X5000"	3219.000000	0.968750	0.000000	0.000000	1.299539	0.804878
"X5000"	3243.000000	0.423077	0.000000	0.000000	1.080000	0.905455
"X5000"	9645.000000	0.000000	0.000000	0.000000	1.490260	1.374633
"X5000"	9680.000000	0.000000	0.000000	0.000000	1.342742	1.158675
"X5000"	3323.000000	0.272727	0.000000	0.000000	1.114286	0.877612
"X25"	1422.000000	0.548387	0.000000	0.000000	0.957143	1.082609
"X25"	1397.000000	3.750000	0.000000	0.000000	0.888889	1.048295
"X25"	690.000000	0.000000	0.000000	0.000000	1.151515	1.142857
"X25"	1369.000000	4.500000	0.000000	0.000000	3.471429	1.920000
"X25"	1342.000000	1.515152	0.000000	1.000000	0.656250	1.868750
"X25"	1339.000000	0.000000	0.000000	0.000000	1.388430	1.145455
"X25"	1279.000000	2.947368	0.000000	0.000000	0.979167	0.955556
"X25"	1276.000000	1.903226	0.000000	1.000000	0.161538	1.361538
"X25"	1260.000000	0.000000	0.000000	0.000000	1.159664	1.441176
"X25"	1233.000000	0.368421	0.000000	1.000000	2.357143	3.648148
"X25"	503.000000	2.000000	0.000000	1.000000	1.200000	0.801887
"X25"	1199.000000	0.576923	0.000000	1.000000	2.440000	1.412727
"X25"	1164.000000	1.583333	0.000000	1.000000	2.065217	2.641304
"X25"	1154.000000	0.842105	0.000000	1.000000	2.500000	3.083333
"X25"	1152.000000	1.000000	0.000000	1.000000	0.902098	2.590909
"X25"	1132.000000	0.000000	0.000000	0.000000		0.982143
"X25"	488.000000	0.000000	0.000000	0.000000	0.942857	1.150000
"X25"	471.000000	2.285714	0.000000	1.000000	3.125000	3.300000
"X25"	285.000000	0.000000	0.000000	0.000000	0.775120	1.196970
"X25"	280.000000	0.000000	0.000000	1.000000	0.669643	1.714286
"X25"	240.000000	0.000000	0.000000	0.000000	1.571429	0.956044
"X25"	180.000000	0.000000	0.000000	1.000000	2.066667	2.015625
"X25"	1042.000000	1.000000	1.000000	0.000000		1.230769
"X25"	1023.000000	2.043478	0.000000	1.000000	0.483471	2.254011
"X25"	989.000000	0.000000	0.000000	1.000000	2.454545	3.636364
"X25"	935.000000	2.823529	0.000000	1.000000	1.875000	1.338068
"X25"	175.000000	0.571429	0.000000	1.000000	2.600000	2.950000
"X25"	928.000000	0.000000	0.000000	1.000000	2.200000	2.072727
"X25"	115.000000	1.500000	0.000000	1.000000	1.363636	1.885714
"X25"	879.000000	1.413793	0.000000	1.000000	0.622587	0.931319
"X25"	43.000000	0.000000	0.000000	0.000000	1.083333	0.896875
"X25"	12.000000	0.785714	0.000000	1.000000	1.176179	2.607692
"X25"	831.000000	2.055556	0.000000	1.000000	2.911765	3.705882
"X25"	816.000000	1.875000	0.000000	1.000000	0.688312	0.728571
"X25"	802.000000	2.060606	0.000000	1.000000	2.921875	0.861439
"X25"	776.000000	1.000000	0.000000	0.000000	1.007692	0.900000
"X25"	577.000000	0.000000	0.000000	0.000000		1.059524
"X25"	736.000000	0.000000	0.000000	0.000000	1.000000	1.060606
"X25"	710.000000	3.950000	0.000000	0.000000	0.818182	1.127820
"X23"	1370.000000	0.000000	0.000000	0.000000	0.833333	1.013889
"X23"	1216.000000	0.000000	0.000000	1.000000	1.289063	3.562500
"X23"	1126.000000	0.550000	0.000000	1.000000	3.868421	2.149123
"X23"	1112.000000	1.400000	0.000000	1.000000	2.500000	2.437500
"X23"	1101.000000	4.250000	0.000000	1.000000	3.789474	1.016018
"X23"	1099.000000	0.612903	0.000000	1.000000	3.250000	2.809091
"X23"	1092.000000	1.468750	0.000000	0.000000	0.953510	1.190323
"X23"	1076.000000	2.166667	0.000000	0.000000	0.800000	1.061538
"X23"	932.000000	9.750000	0.000000	1.000000	0.647368	0.309410
"X23"	890.000000	0.000000	0.000000	1.000000	3.500000	3.296296
"X23"	871.000000	4.000000	0.000000	0.000000	1.200000	0.789474
"X23"	850.000000	5.300000	0.000000	1.000000	1.323887	0.524027
"X23"	665.000000	0.857143	0.000000	0.000000	1.047337	0.886040
"X23"	483.000000	0.444444	0.000000	1.000000	1.745098	3.176471
"X23"	638.000000	0.000000	0.000000	1.000000	1.775510	1.333929
"X23"	462.000000	1.000000	0.000000	1.000000	2.200000	1.305882
"X23"	454.000000	1.000000	0.000000	1.000000	3.166667	1.890000
"X23"	403.000000	7.060606	0.000000	1.000000	1.771875	2.544643
"X23"	829.000000	1.733333	0.000000	1.000000	4.241379	3.275862
"X23"	314.000000	1.500000	0.000000	1.000000	2.954545	0.929630
"X23"	803.000000	0.000000	2.000000	0.000000	1.197368	0.926773
"X23"	586.000000	1.500000	0.000000	1.000000	2.769231	2.487179
"X23"	754.000000	0.000000	0.000000	1.000000	6.882353	2.082353
"X23"	223.000000	0.000000	0.000000	1.000000	1.866667	0.612857
"X23"	219.000000	0.000000	0.000000	1.000000	2.520000	1.990000
"X23"	208.000000	1.000000	0.000000	1.000000	1.833333	3.166667
"X23"	327.000000	5.125000	0.000000	0.000000	1.028571	0.815934
"X23"	518.000000	0.000000	0.000000	1.000000	2.653061	0.764069
"X23"	506.000000	0.600000	0.000000	1.000000	3.850000	2.932692
"X23"	103.000000	0.000000	0.000000	1.000000	4.000000	3.030303
"X23"	495.000000	0.000000	0.000000	0.000000	0.979592	0.989011
"X23"	31.000000	0.583333	0.000000	0.000000	0.698319	0.745714
"X23"	491.000000	1.600000	0.000000	1.000000	3.444444	2.740741
"X23"	3.000000	1.151515	0.000000	0.000000	1.004464	0.848958
"X23"	2.000000	0.000000	0.000000	0.000000	1.245536	1.388889
