ACCOUNT	CHURN	Phone_Model	DROPPED_CALLS	LATE_PAYMENTS	DATA_gb	PEAK_mins	TEXT_count
6873.000000	1.000000	"B50"	2.578947	0.000000	0.000000	120.166667	0.000000
761.000000	0.000000	"B50"	2.375000	0.000000	0.000000	13.833333	0.000000
8619.000000	0.000000	"B50"	0.000000	1.000000	0.000000	83.500000	0.000000
2427.000000	1.000000	"B50"	1.481481	0.000000	12.987000	50.666667	255.428571
2826.000000	1.000000	"B50"	0.000000	0.000000	0.000000	0.166667	0.000000
2311.000000	1.000000	"B50"	1.555556	0.000000	0.000000	24.000000	0.000000
2231.000000	1.000000	"B50"	0.000000	0.000000	0.000000	26.833333	0.000000
9819.000000	1.000000	"B50"	1.500000	0.000000	0.000000	0.000000	0.000000
7101.000000	0.000000	"B50"	3.250000	0.000000	0.000000	57.000000	34.285714
1953.000000	0.000000	"B50"	2.833333	0.000000	0.000000	10.666667	0.000000
6540.000000	1.000000	"B50"	0.000000	0.000000	0.000000	27.666667	0.000000
2898.000000	1.000000	"B50"	0.000000	0.000000	0.000000	7.833333	0.000000
83.000000	0.000000	"B50"	0.166667	0.000000	0.000000	1.833333	0.000000
1999.000000	1.000000	"B50"	0.000000	0.000000	0.000000	53.000000	0.000000
3897.000000	1.000000	"B50"	1.461538	0.000000	0.000000	0.166667	0.000000
2819.000000	0.000000	"B50"	0.000000	0.000000	0.000000	1.333333	0.000000
6981.000000	0.000000	"B50"	0.000000	0.000000	0.000000	252.500000	1122.857143
4086.000000	0.000000	"B50"	0.000000	0.000000	0.000000	134.166667	0.000000
2902.000000	1.000000	"B50"	2.050000	0.000000	0.000000	0.166667	0.000000
1879.000000	1.000000	"B50"	0.000000	0.000000	0.000000	239.833333	308.571429
9438.000000	1.000000	"B50"	0.000000	0.000000	0.000000	0.000000	0.000000
6197.000000	1.000000	"B50"	2.800000	0.000000	0.000000	76.833333	144.000000
493.000000	0.000000	"B50"	0.000000	0.000000	0.000000	1326.666667	0.000000
2914.000000	1.000000	"B50"	2.000000	0.000000	0.000000	16.000000	0.000000
1842.000000	1.000000	"B50"	0.363636	0.000000	0.000000	4.333333	0.000000
8829.000000	1.000000	"B50"	5.121212	0.000000	0.000000	0.000000	0.000000
1269.000000	1.000000	"B50"	0.500000	0.000000	0.000000	178.166667	1011.428571
2915.000000	1.000000	"B50"	0.000000	0.000000	0.000000	82.000000	0.000000
6988.000000	1.000000	"B50"	1.000000	0.000000	0.000000	908.666667	1.714286
1189.000000	1.000000	"B50"	0.000000	0.000000	0.000000	1.500000	0.000000
7606.000000	1.000000	"B50"	2.625000	0.000000	0.000000	0.000000	0.000000
1030.000000	1.000000	"B50"	0.666667	0.000000	0.000000	725.666667	10.285714
3010.000000	1.000000	"B50"	1.000000	0.000000	0.000000	77.166667	0.000000
3017.000000	1.000000	"B50"	1.500000	0.000000	0.000000	35.833333	0.000000
5990.000000	0.000000	"B50"	1.000000	0.000000	0.000000	102.000000	336.000000
982.000000	1.000000	"B50"	4.631579	0.000000	0.000000	1283.833333	0.000000
956.000000	1.000000	"B50"	1.666667	0.000000	0.000000	279.500000	0.000000
889.000000	1.000000	"B50"	0.000000	0.000000	0.000000	68.000000	0.000000
9461.000000	0.000000	"B50"	4.363636	0.000000	0.000000	74.000000	0.000000
5596.000000	1.000000	"B50"	0.000000	0.000000	0.000000	11.166667	0.000000
5227.000000	0.000000	"B50"	0.000000	0.000000	0.000000	3.500000	0.000000
7556.000000	1.000000	"B50"	0.700000	0.000000	0.000000	173.666667	0.000000
4285.000000	0.000000	"B50"	0.000000	0.000000	0.000000	5.000000	0.000000
3974.000000	0.000000	"B50"	0.000000	0.000000	0.000000	4.333333	0.000000
618.000000	1.000000	"B50"	0.333333	0.000000	0.000000	276.500000	89.142857
6726.000000	0.000000	"B50"	1.846154	0.000000	0.000000	146.833333	120.000000
9295.000000	0.000000	"B50"	0.000000	0.000000	0.000000	58.333333	365.142857
8676.000000	1.000000	"B50"	2.000000	0.000000	0.000000	0.000000	0.000000
8540.000000	1.000000	"B50"	0.000000	0.000000	0.000000	0.000000	0.000000
2989.000000	0.000000	"B50"	1.055556	0.000000	0.000000	14.166667	32.571429
6937.000000	1.000000	"B50"	2.142857	0.000000	0.000000	15.000000	0.000000
3991.000000	1.000000	"B50"	0.000000	0.000000	0.000000	52.833333	25.714286
8377.000000	1.000000	"B50"	1.657143	0.000000	0.000000	0.000000	0.000000
3400.000000	1.000000	"B50"	0.000000	0.000000	0.000000	15.333333	0.000000
8122.000000	0.000000	"B50"	0.000000	0.000000	0.000000	316.333333	744.000000
3411.000000	1.000000	"B50"	0.500000	0.000000	0.000000	109.666667	0.000000
456.000000	1.000000	"B50"	0.000000	0.000000	0.000000	1.666667	0.000000
442.000000	1.000000	"B50"	0.000000	0.000000	0.000000	1.166667	0.000000
3807.000000	0.000000	"B50"	0.000000	0.000000	0.000000	3.333333	0.000000
6176.000000	0.000000	"B50"	0.411765	1.000000	0.000000	0.333333	0.000000
300.000000	1.000000	"B50"	0.000000	0.000000	0.000000	4.166667	0.000000
9082.000000	0.000000	"B50"	0.000000	0.000000	0.000000	82.833333	377.142857
5326.000000	0.000000	"B50"	0.000000	1.000000	0.000000	59.666667	0.000000
266.000000	1.000000	"B50"	0.571429	0.000000	0.000000	2.666667	0.000000
2515.000000	0.000000	"B50"	0.333333	0.000000	0.000000	145.833333	13.714286
201.000000	1.000000	"B50"	1.000000	0.000000	0.000000	3.166667	0.000000
7156.000000	1.000000	"B50"	0.000000	0.000000	0.000000	6.500000	0.000000
7081.000000	1.000000	"B50"	3.480000	0.000000	0.000000	569.000000	18.857143
4848.000000	0.000000	"B50"	0.000000	0.000000	0.000000	402.666667	12.000000
5874.000000	1.000000	"B50"	2.500000	0.000000	0.000000	22.000000	0.000000
2655.000000	0.000000	"B50"	0.000000	0.000000	0.000000	6.833333	0.000000
6289.000000	1.000000	"B50"	0.000000	0.000000	0.000000	5.833333	0.000000
1.000000	1.000000	"B50"	0.000000	0.000000	0.000000	24.833333	0.000000
5239.000000	0.000000	"B50"	1.400000	0.000000	0.000000	292.333333	0.000000
7205.000000	1.000000	"B50"	3.680000	0.000000	0.000000	929.333333	0.000000
7577.000000	1.000000	"B50"	2.545455	0.000000	0.000000	9.000000	0.000000
4710.000000	0.000000	"B50"	0.000000	0.000000	0.000000	241.000000	370.285714
3733.000000	1.000000	"B50"	1.285714	0.000000	0.000000	48.333333	0.000000
93.000000	1.000000	"B50"	0.000000	0.000000	0.000000	5.666667	0.000000
36.000000	0.000000	"B50"	0.000000	0.000000	0.000000	1318.666667	0.000000
7700.000000	1.000000	"B50"	0.000000	0.000000	0.000000	558.666667	0.000000
8762.000000	0.000000	"B50"	0.000000	0.000000	0.000000	339.333333	0.000000
6461.000000	0.000000	"B50"	0.583333	0.000000	0.000000	20.500000	0.000000
8723.000000	0.000000	"B50"	1.000000	0.000000	0.000000	1.833333	0.000000
6378.000000	0.000000	"B50"	0.500000	0.000000	0.000000	65.666667	22.285714
3827.000000	0.000000	"B50"	3.961538	0.000000	0.000000	33.000000	24.000000
7472.000000	1.000000	"B50"	0.739130	0.000000	0.000000	158.666667	687.428571
5980.000000	0.000000	"B50"	3.400000	0.000000	0.000000	25.000000	17.142857
4502.000000	1.000000	"B50"	0.500000	0.000000	0.000000	7.166667	0.000000
4811.000000	0.000000	"B50"	0.000000	2.000000	0.000000	203.666667	0.000000
6008.000000	1.000000	"B50"	0.333333	0.000000	0.000000	15.833333	0.000000
5147.000000	0.000000	"B50"	0.000000	0.000000	0.000000	156.333333	0.000000
7444.000000	1.000000	"B50"	1.555556	0.000000	0.000000	93.500000	0.000000
6913.000000	1.000000	"B50"	0.000000	0.000000	0.000000	4.166667	0.000000
6667.000000	1.000000	"B50"	0.400000	0.000000	0.000000	868.500000	346.285714
707.000000	0.000000	"B50"	0.500000	0.000000	0.000000	52.000000	0.000000
6044.000000	1.000000	"B50"	0.444444	0.000000	0.000000	60.000000	231.428571
7624.000000	0.000000	"B50"	0.000000	0.000000	0.000000	10.000000	0.000000
4830.000000	1.000000	"B50"	0.655172	0.000000	0.000000	3.833333	0.000000
3509.000000	0.000000	"B50"	0.000000	4.000000	0.000000	5.166667	0.000000
7321.000000	1.000000	"B50"	2.520000	0.000000	0.000000	15.333333	0.000000
4997.000000	1.000000	"B50"	0.692308	0.000000	0.000000	171.833333	0.000000
5707.000000	0.000000	"B50"	0.894737	0.000000	0.000000	341.833333	0.000000
7278.000000	1.000000	"B50"	1.500000	0.000000	0.000000	19.000000	0.000000
9577.000000	1.000000	"B50"	0.375000	0.000000	0.000000	0.000000	0.000000
520.000000	0.000000	"B50"	0.909091	0.000000	0.000000	2.833333	0.000000
7268.000000	1.000000	"B50"	1.450000	0.000000	0.000000	68.500000	75.428571
1883.000000	0.000000	"B50"	0.000000	0.000000	0.000000	0.500000	0.000000
1747.000000	0.000000	"B50"	0.000000	3.000000	0.000000	1.333333	0.000000
8835.000000	1.000000	"B50"	0.333333	0.000000	0.000000	153.000000	0.000000
9323.000000	1.000000	"B50"	0.000000	0.000000	0.000000	314.666667	0.000000
2545.000000	1.000000	"B50"	2.454545	0.000000	0.000000	1.333333	0.000000
3765.000000	0.000000	"50CX"	5.880000	0.000000	0.000000	346.333333	738.857143
9943.000000	0.000000	"50CX"	0.500000	0.000000	0.000000	956.333333	0.000000
452.000000	1.000000	"50CX"	2.900000	0.000000	0.000000	335.833333	25.714286
4918.000000	1.000000	"50CX"	0.000000	0.000000	0.000000	523.833333	0.000000
3759.000000	1.000000	"50CX"	0.375000	0.000000	0.000000	605.500000	567.428571
229.000000	1.000000	"50CX"	0.166667	0.000000	0.000000	400.333333	0.000000
4247.000000	1.000000	"50CX"	0.000000	0.000000	0.000000	37.666667	0.000000
7124.000000	0.000000	"300M"	0.000000	0.000000	0.000000	1.000000	0.000000
9936.000000	0.000000	"300M"	0.625000	2.000000	0.000000	3.166667	0.000000
6369.000000	0.000000	"300M"	2.125000	0.000000	0.000000	160.500000	0.000000
2889.000000	1.000000	"300M"	0.500000	0.000000	0.000000	2156.000000	0.000000
720.000000	1.000000	"300M"	0.647059	0.000000	0.000000	582.166667	0.000000
4221.000000	0.000000	"300M"	0.500000	0.000000	0.000000	43.166667	0.000000
8554.000000	0.000000	"300M"	0.590909	2.000000	0.000000	212.500000	0.000000
2626.000000	1.000000	"300M"	0.000000	4.000000	0.000000	90.166667	0.000000
351.000000	1.000000	"300M"	0.000000	3.000000	0.000000	27.333333	0.000000
6889.000000	1.000000	"300M"	0.464286	4.000000	0.000000	19.666667	0.000000
7927.000000	1.000000	"300M"	0.000000	0.000000	0.000000	160.000000	404.571429
239.000000	0.000000	"300M"	0.000000	0.000000	0.000000	66.000000	0.000000
952.000000	0.000000	"300M"	0.000000	0.000000	0.000000	68.166667	0.000000
3895.000000	0.000000	"300M"	0.551724	3.000000	0.000000	35.333333	0.000000
7750.000000	1.000000	"300M"	2.111111	0.000000	0.000000	178.666667	0.000000
8051.000000	1.000000	"300M"	0.900000	0.000000	0.000000	7.500000	0.000000
2978.000000	1.000000	"300M"	0.000000	3.000000	0.000000	20.000000	10.285714
3480.000000	0.000000	"300M"	0.750000	0.000000	0.000000	20.500000	0.000000
1532.000000	0.000000	"300M"	0.454545	0.000000	0.000000	91.833333	0.000000
1358.000000	0.000000	"300M"	4.200000	0.000000	0.000000	13.666667	0.000000
7541.000000	1.000000	"AA10"	0.500000	0.000000	0.000000	319.333333	0.000000
3877.000000	1.000000	"AA10"	0.555556	0.000000	0.000000	123.833333	53.142857
7546.000000	1.000000	"AA10"	0.368421	0.000000	0.000000	491.166667	0.000000
8896.000000	1.000000	"AA10"	1.800000	0.000000	0.000000	297.666667	0.000000
2580.000000	0.000000	"AA10"	2.160000	0.000000	0.000000	534.333333	90.857143
4490.000000	1.000000	"AA10"	0.000000	0.000000	0.000000	1.500000	0.000000
2568.000000	0.000000	"AA10"	1.333333	0.000000	0.000000	539.833333	0.000000
9217.000000	1.000000	"AA10"	2.375000	0.000000	0.000000	0.000000	0.000000
9469.000000	0.000000	"AA10"	2.111111	0.000000	0.000000	79.000000	0.000000
4474.000000	1.000000	"AA10"	0.500000	0.000000	0.000000	1.000000	0.000000
6639.000000	1.000000	"120S"	1.000000	0.000000	0.000000	870.666667	0.000000
37.000000	0.000000	"120S"	0.000000	1.000000	0.000000	9.333333	0.000000
5393.000000	0.000000	"120S"	0.000000	0.000000	0.000000	228.000000	0.000000
4522.000000	1.000000	"120S"	1.379310	0.000000	0.000000	243.333333	0.000000
1494.000000	0.000000	"120S"	0.000000	0.000000	0.000000	526.166667	0.000000
1404.000000	0.000000	"120S"	0.000000	0.000000	0.000000	52.666667	0.000000
1394.000000	0.000000	"120S"	0.000000	0.000000	0.000000	62.166667	0.000000
2966.000000	1.000000	"120S"	2.000000	0.000000	0.000000	39.666667	0.000000
7197.000000	1.000000	"120S"	0.000000	0.000000	0.000000	34.166667	159.428571
3383.000000	0.000000	"120S"	1.928571	0.000000	0.000000	39.333333	0.000000
9248.000000	1.000000	"120S"	0.583333	0.000000	0.000000	181.333333	27.428571
5610.000000	1.000000	"120S"	3.760000	0.000000	0.000000	6.000000	0.000000
4244.000000	0.000000	"120S"	0.000000	4.000000	0.000000	49.166667	0.000000
8739.000000	1.000000	"120S"	0.000000	0.000000	0.000000	295.166667	0.000000
6741.000000	0.000000	"120S"	0.521739	0.000000	0.000000	144.000000	92.571429
2430.000000	1.000000	"120S"	3.000000	0.000000	0.000000	17.833333	0.000000
9699.000000	1.000000	"120S"	1.083333	0.000000	0.000000	167.000000	126.857143
4657.000000	1.000000	"120S"	0.000000	0.000000	0.000000	373.666667	0.000000
4512.000000	0.000000	"120S"	0.000000	0.000000	0.000000	50.333333	0.000000
9166.000000	0.000000	"120S"	0.000000	3.000000	0.000000	32.666667	0.000000
6211.000000	1.000000	"120S"	0.600000	0.000000	0.000000	42.833333	0.000000
5348.000000	0.000000	"120S"	0.000000	0.000000	0.000000	53.500000	171.428571
8336.000000	1.000000	"120S"	0.000000	0.000000	0.000000	550.000000	0.000000
5736.000000	1.000000	"120S"	0.000000	0.000000	0.000000	2.166667	5.142857
8320.000000	1.000000	"120S"	1.400000	0.000000	0.000000	0.166667	0.000000
6079.000000	1.000000	"120S"	0.000000	0.000000	0.000000	0.000000	9673.714286
1444.000000	1.000000	"120S"	0.000000	0.000000	0.000000	30.166667	0.000000
1326.000000	1.000000	"120S"	0.000000	0.000000	0.000000	1.833333	0.000000
8264.000000	1.000000	"120S"	1.166667	0.000000	0.000000	406.166667	958.285714
3793.000000	1.000000	"120S"	1.575758	0.000000	0.000000	441.166667	0.000000
1070.000000	1.000000	"120S"	3.500000	0.000000	0.000000	38.333333	0.000000
2895.000000	0.000000	"120S"	0.483871	0.000000	0.000000	0.333333	0.000000
6318.000000	1.000000	"120S"	1.904762	0.000000	0.000000	613.000000	293.142857
9903.000000	1.000000	"120S"	0.360000	0.000000	0.000000	0.000000	0.000000
914.000000	1.000000	"120S"	1.000000	0.000000	0.000000	12.500000	0.000000
6343.000000	1.000000	"120S"	0.363636	0.000000	0.000000	44.666667	0.000000
8397.000000	0.000000	"120S"	0.611111	0.000000	0.000000	156.333333	10.285714
6346.000000	1.000000	"120S"	0.000000	0.000000	0.000000	91.500000	104.571429
4707.000000	0.000000	"120S"	1.000000	0.000000	0.000000	177.000000	75.428571
7718.000000	1.000000	"120S"	1.789474	0.000000	0.000000	210.666667	0.000000
774.000000	0.000000	"120S"	2.105263	0.000000	0.000000	206.666667	0.000000
3183.000000	0.000000	"120S"	0.000000	0.000000	0.000000	85.833333	0.000000
3907.000000	0.000000	"120S"	0.888889	0.000000	0.000000	111.666667	8.571429
6013.000000	0.000000	"120S"	0.187500	0.000000	0.000000	812.333333	243.428571
5118.000000	1.000000	"120S"	0.000000	0.000000	0.000000	1.000000	908.571429
318.000000	1.000000	"120S"	0.000000	0.000000	0.000000	6.666667	0.000000
316.000000	1.000000	"120S"	2.823529	1.000000	0.000000	0.666667	0.000000
6522.000000	1.000000	"120S"	0.833333	0.000000	0.000000	42.166667	1410.857143
5407.000000	1.000000	"120S"	0.000000	0.000000	0.000000	168.500000	245.142857
6706.000000	1.000000	"120S"	2.382353	0.000000	1.287000	398.500000	0.000000
3360.000000	0.000000	"120S"	0.000000	0.000000	0.000000	103.500000	0.000000
7260.000000	1.000000	"120S"	0.538462	0.000000	0.000000	166.833333	1050.857143
199.000000	1.000000	"120S"	0.000000	0.000000	0.000000	76.666667	0.000000
1916.000000	0.000000	"120S"	2.500000	1.000000	0.000000	21.500000	0.000000
9788.000000	0.000000	"120S"	0.000000	0.000000	0.000000	111.333333	485.142857
1799.000000	0.000000	"120S"	0.000000	0.000000	0.000000	366.500000	5.142857
8026.000000	1.000000	"S50"	1.000000	0.000000	0.000000	31.500000	0.000000
3708.000000	1.000000	"S50"	1.416667	0.000000	0.000000	246.666667	0.000000
2124.000000	1.000000	"S50"	3.619048	0.000000	0.000000	4.500000	2312.571429
4730.000000	0.000000	"S50"	0.000000	0.000000	0.000000	58.833333	0.000000
6096.000000	0.000000	"S50"	0.000000	0.000000	0.000000	1434.166667	322.285714
9128.000000	0.000000	"S50"	0.000000	0.000000	0.000000	638.666667	147.428571
3249.000000	1.000000	"S50"	3.000000	0.000000	0.000000	419.166667	0.000000
7465.000000	1.000000	"S50"	1.000000	0.000000	0.000000	479.666667	457.714286
9403.000000	0.000000	"S50"	0.000000	0.000000	0.000000	647.000000	0.000000
5910.000000	1.000000	"S50"	3.055556	0.000000	15.743000	100.833333	390.857143
6215.000000	1.000000	"S50"	0.000000	0.000000	0.000000	1059.000000	0.000000
6700.000000	1.000000	"S50"	2.085714	0.000000	0.000000	22.333333	0.000000
2749.000000	1.000000	"S50"	1.750000	0.000000	0.000000	691.333333	0.000000
39.000000	1.000000	"S50"	0.421053	0.000000	0.000000	115.166667	0.000000
9514.000000	1.000000	"105D"	2.222222	0.000000	0.000000	1121.500000	0.000000
7938.000000	0.000000	"105D"	0.000000	0.000000	0.000000	452.333333	130.285714
2673.000000	0.000000	"105D"	0.000000	0.000000	0.000000	57.833333	0.000000
7812.000000	0.000000	"105D"	0.000000	0.000000	0.000000	34.666667	0.000000
727.000000	0.000000	"105D"	0.941176	0.000000	0.000000	309.666667	0.000000
7769.000000	0.000000	"105D"	1.111111	0.000000	0.000000	165.666667	1112.571429
7726.000000	0.000000	"105D"	0.000000	0.000000	0.000000	238.166667	0.000000
7692.000000	0.000000	"105D"	0.457143	0.000000	0.000000	961.333333	0.000000
7639.000000	0.000000	"105D"	0.000000	2.000000	12.987000	195.500000	0.000000
7618.000000	0.000000	"105D"	0.000000	0.000000	0.000000	864.166667	0.000000
7593.000000	0.000000	"105D"	1.571429	0.000000	0.000000	240.000000	116.571429
7573.000000	0.000000	"105D"	0.000000	0.000000	0.000000	221.000000	0.000000
7409.000000	0.000000	"105D"	0.000000	0.000000	1.287000	499.166667	0.000000
7405.000000	0.000000	"105D"	0.000000	0.000000	0.000000	167.833333	0.000000
7275.000000	0.000000	"105D"	0.000000	0.000000	0.000000	120.333333	0.000000
7238.000000	0.000000	"105D"	0.000000	0.000000	0.000000	215.333333	0.000000
7207.000000	0.000000	"105D"	0.272727	0.000000	0.000000	383.666667	54.857143
7191.000000	0.000000	"105D"	0.000000	0.000000	0.000000	259.000000	452.571429
5219.000000	1.000000	"105D"	1.000000	0.000000	0.000000	877.166667	0.000000
5418.000000	1.000000	"105D"	0.777778	0.000000	0.000000	1143.666667	0.000000
5445.000000	1.000000	"105D"	1.000000	0.000000	0.000000	574.833333	0.000000
5446.000000	1.000000	"105D"	0.000000	0.000000	0.000000	290.666667	0.000000
5465.000000	1.000000	"105D"	0.000000	0.000000	0.000000	105.500000	360.000000
6975.000000	0.000000	"105D"	0.000000	0.000000	0.000000	227.333333	0.000000
5481.000000	1.000000	"105D"	2.058824	0.000000	0.000000	638.333333	0.000000
5519.000000	1.000000	"105D"	1.000000	0.000000	0.000000	1013.833333	0.000000
6968.000000	0.000000	"105D"	0.000000	0.000000	0.000000	118.333333	0.000000
6963.000000	0.000000	"105D"	0.000000	0.000000	0.000000	104.000000	1193.142857
6961.000000	0.000000	"105D"	0.363636	0.000000	0.000000	776.333333	0.000000
6953.000000	0.000000	"105D"	0.000000	0.000000	0.000000	172.166667	240.000000
5534.000000	1.000000	"105D"	2.454545	0.000000	0.000000	118.000000	0.000000
6821.000000	0.000000	"105D"	0.000000	0.000000	0.000000	445.166667	72.000000
6720.000000	0.000000	"105D"	0.000000	0.000000	0.000000	174.833333	39.428571
5725.000000	1.000000	"105D"	2.800000	0.000000	0.000000	304.500000	0.000000
5767.000000	1.000000	"105D"	0.500000	0.000000	0.000000	966.500000	0.000000
5768.000000	1.000000	"105D"	0.958333	0.000000	0.000000	460.833333	99.428571
6577.000000	0.000000	"105D"	0.000000	0.000000	0.000000	410.833333	0.000000
6512.000000	0.000000	"105D"	0.526316	0.000000	0.000000	244.166667	0.000000
6495.000000	0.000000	"105D"	0.000000	0.000000	0.000000	928.333333	0.000000
6321.000000	0.000000	"105D"	0.000000	0.000000	2.593500	59.500000	61.714286
9517.000000	1.000000	"105D"	0.000000	0.000000	0.000000	99.000000	12.000000
6290.000000	0.000000	"105D"	0.666667	0.000000	0.000000	210.833333	0.000000
5954.000000	1.000000	"105D"	0.000000	0.000000	0.000000	213.833333	0.000000
6249.000000	0.000000	"105D"	0.600000	0.000000	0.000000	93.333333	94.285714
6247.000000	0.000000	"105D"	0.347826	0.000000	0.000000	332.666667	0.000000
9531.000000	1.000000	"105D"	4.117647	0.000000	0.000000	536.166667	10.285714
6147.000000	0.000000	"105D"	0.000000	0.000000	0.000000	503.166667	0.000000
6038.000000	0.000000	"105D"	0.000000	0.000000	0.000000	293.500000	0.000000
5952.000000	0.000000	"105D"	0.000000	0.000000	0.000000	586.166667	0.000000
6019.000000	1.000000	"105D"	0.428571	0.000000	0.000000	389.833333	32.571429
5878.000000	0.000000	"105D"	0.000000	0.000000	0.000000	256.000000	0.000000
5862.000000	0.000000	"105D"	0.000000	0.000000	0.000000	686.500000	0.000000
5746.000000	0.000000	"105D"	0.000000	0.000000	0.000000	52.333333	0.000000
6121.000000	1.000000	"105D"	1.000000	0.000000	0.000000	409.666667	0.000000
5643.000000	0.000000	"105D"	0.533333	0.000000	0.000000	167.333333	6.857143
5560.000000	0.000000	"105D"	0.000000	0.000000	0.000000	53.666667	0.000000
9649.000000	1.000000	"105D"	0.454545	0.000000	0.000000	595.166667	1.714286
5524.000000	0.000000	"105D"	0.482759	0.000000	0.000000	634.000000	0.000000
5523.000000	0.000000	"105D"	0.000000	0.000000	0.000000	99.333333	0.000000
5441.000000	0.000000	"105D"	0.000000	0.000000	0.000000	259.166667	0.000000
5425.000000	0.000000	"105D"	0.000000	0.000000	0.000000	187.166667	0.000000
5356.000000	0.000000	"105D"	0.000000	0.000000	0.000000	14.333333	6.857143
5335.000000	0.000000	"105D"	0.000000	0.000000	0.000000	20.666667	0.000000
6277.000000	1.000000	"105D"	0.000000	0.000000	0.000000	246.333333	3584.571429
5185.000000	0.000000	"105D"	0.000000	0.000000	0.000000	41.000000	305.142857
5164.000000	0.000000	"105D"	1.500000	0.000000	0.000000	531.333333	0.000000
5151.000000	0.000000	"105D"	0.000000	2.000000	0.000000	419.333333	108.000000
5139.000000	0.000000	"105D"	0.000000	0.000000	0.000000	17.500000	8.571429
6446.000000	1.000000	"105D"	1.750000	0.000000	7.514000	401.666667	60.000000
6503.000000	1.000000	"105D"	1.695652	0.000000	0.000000	1424.500000	0.000000
4874.000000	0.000000	"105D"	0.625000	0.000000	0.000000	360.666667	320.571429
6653.000000	1.000000	"105D"	1.142857	0.000000	0.000000	352.000000	0.000000
6660.000000	1.000000	"105D"	1.172414	0.000000	0.000000	329.166667	0.000000
3685.000000	1.000000	"105D"	0.000000	0.000000	0.000000	327.333333	0.000000
4672.000000	0.000000	"105D"	0.000000	0.000000	0.000000	813.000000	1260.000000
4665.000000	0.000000	"105D"	1.520000	0.000000	0.000000	85.500000	0.000000
4611.000000	0.000000	"105D"	0.950000	0.000000	0.000000	31.666667	113.142857
4595.000000	0.000000	"105D"	1.142857	0.000000	0.000000	25.666667	0.000000
6714.000000	1.000000	"105D"	1.222222	0.000000	0.000000	66.666667	414.857143
4577.000000	0.000000	"105D"	0.000000	0.000000	0.000000	54.000000	0.000000
4505.000000	0.000000	"105D"	0.451613	0.000000	0.000000	5.500000	0.000000
6745.000000	1.000000	"105D"	8.100000	0.000000	0.000000	575.833333	0.000000
4448.000000	0.000000	"105D"	0.000000	0.000000	0.000000	490.500000	447.428571
4431.000000	0.000000	"105D"	0.350000	0.000000	0.000000	12.833333	15.428571
4414.000000	0.000000	"105D"	0.000000	0.000000	0.000000	158.333333	0.000000
9777.000000	1.000000	"105D"	0.000000	0.000000	12.987000	3.666667	0.000000
4329.000000	0.000000	"105D"	4.107143	0.000000	0.000000	277.666667	0.000000
6790.000000	1.000000	"105D"	0.971429	0.000000	0.000000	561.666667	0.000000
337.000000	0.000000	"105D"	0.000000	0.000000	0.000000	351.166667	0.000000
4182.000000	0.000000	"105D"	0.000000	0.000000	0.000000	172.833333	29.142857
6823.000000	1.000000	"105D"	0.516129	0.000000	0.000000	32.500000	776.571429
6842.000000	1.000000	"105D"	1.538462	0.000000	0.000000	647.000000	2768.571429
4073.000000	0.000000	"105D"	0.500000	0.000000	0.000000	929.333333	267.428571
4042.000000	0.000000	"105D"	0.588235	2.000000	0.000000	12.000000	0.000000
4020.000000	0.000000	"105D"	0.000000	3.000000	0.000000	1598.666667	216.000000
334.000000	0.000000	"105D"	0.461538	0.000000	0.000000	44.666667	0.000000
3929.000000	0.000000	"105D"	0.000000	0.000000	0.000000	14.500000	0.000000
3923.000000	0.000000	"105D"	0.500000	0.000000	0.000000	182.666667	0.000000
6971.000000	1.000000	"105D"	0.000000	0.000000	0.000000	116.000000	581.142857
3832.000000	0.000000	"105D"	0.000000	1.000000	0.000000	162.166667	0.000000
7176.000000	1.000000	"105D"	0.000000	0.000000	0.000000	698.166667	0.000000
3804.000000	0.000000	"105D"	0.480000	2.000000	0.000000	9.666667	0.000000
9975.000000	1.000000	"105D"	1.545455	0.000000	0.000000	11.000000	34.285714
3790.000000	0.000000	"105D"	0.838710	0.000000	0.000000	4.333333	0.000000
3734.000000	0.000000	"105D"	0.481481	0.000000	0.000000	828.666667	0.000000
3729.000000	0.000000	"105D"	0.000000	0.000000	0.000000	547.000000	80.571429
3715.000000	0.000000	"105D"	0.000000	0.000000	0.000000	132.333333	0.000000
3680.000000	0.000000	"105D"	0.000000	0.000000	0.000000	663.666667	65.142857
3573.000000	0.000000	"105D"	0.000000	0.000000	0.000000	164.166667	58.285714
301.000000	0.000000	"105D"	0.000000	0.000000	0.000000	28.333333	169.714286
3479.000000	0.000000	"105D"	0.000000	8.000000	0.000000	169.333333	490.285714
3427.000000	0.000000	"105D"	0.000000	0.000000	0.000000	153.333333	0.000000
7397.000000	1.000000	"105D"	0.000000	2.000000	0.000000	358.500000	0.000000
7552.000000	1.000000	"105D"	6.038462	0.000000	0.000000	332.500000	0.000000
3121.000000	0.000000	"105D"	0.000000	0.000000	0.000000	691.833333	37.714286
3110.000000	0.000000	"105D"	1.000000	0.000000	0.000000	1204.666667	0.000000
3078.000000	0.000000	"105D"	0.000000	0.000000	0.000000	497.666667	0.000000
248.000000	0.000000	"105D"	0.000000	0.000000	0.000000	114.166667	0.000000
7815.000000	1.000000	"105D"	0.000000	0.000000	0.000000	64.500000	0.000000
7848.000000	1.000000	"105D"	1.000000	0.000000	0.000000	116.666667	0.000000
2850.000000	0.000000	"105D"	0.000000	0.000000	0.000000	348.000000	0.000000
9793.000000	1.000000	"105D"	0.000000	0.000000	0.000000	56.166667	214.285714
2809.000000	0.000000	"105D"	0.000000	0.000000	0.000000	1010.666667	0.000000
2791.000000	0.000000	"105D"	0.357143	0.000000	0.000000	110.500000	0.000000
221.000000	0.000000	"105D"	0.000000	0.000000	0.000000	108.666667	27.428571
2731.000000	0.000000	"105D"	1.057143	0.000000	0.000000	161.666667	0.000000
2710.000000	0.000000	"105D"	0.000000	0.000000	0.000000	39.500000	97.714286
2701.000000	0.000000	"105D"	0.000000	0.000000	0.000000	540.666667	0.000000
8097.000000	1.000000	"105D"	0.000000	0.000000	0.000000	325.500000	0.000000
2658.000000	0.000000	"105D"	0.000000	0.000000	0.000000	18.333333	3.428571
2622.000000	0.000000	"105D"	0.000000	0.000000	0.000000	898.833333	0.000000
8157.000000	1.000000	"105D"	3.040000	0.000000	0.000000	15.666667	0.000000
2541.000000	0.000000	"105D"	0.000000	0.000000	0.000000	246.166667	0.000000
2540.000000	0.000000	"105D"	0.000000	0.000000	0.000000	85.166667	0.000000
2521.000000	0.000000	"105D"	0.000000	0.000000	0.000000	1178.166667	8.571429
8230.000000	1.000000	"105D"	2.545455	1.000000	0.000000	15.666667	6.857143
8318.000000	1.000000	"105D"	0.800000	0.000000	0.000000	960.333333	0.000000
205.000000	0.000000	"105D"	2.440000	0.000000	0.000000	162.333333	533.142857
2436.000000	0.000000	"105D"	1.407407	0.000000	0.000000	256.166667	0.000000
8353.000000	1.000000	"105D"	0.636364	0.000000	0.000000	298.500000	0.000000
2399.000000	0.000000	"105D"	0.000000	0.000000	0.000000	89.666667	253.714286
2387.000000	0.000000	"105D"	0.000000	0.000000	0.000000	90.000000	0.000000
8380.000000	1.000000	"105D"	3.043478	0.000000	0.000000	55.500000	2175.428571
2367.000000	0.000000	"105D"	0.611111	0.000000	0.000000	377.500000	576.000000
9803.000000	1.000000	"105D"	0.464286	0.000000	0.000000	66.166667	0.000000
8515.000000	1.000000	"105D"	4.241379	0.000000	0.000000	274.166667	0.000000
2261.000000	0.000000	"105D"	0.000000	0.000000	0.000000	159.500000	0.000000
2197.000000	0.000000	"105D"	0.000000	0.000000	0.000000	8.333333	0.000000
8773.000000	1.000000	"105D"	0.950000	0.000000	0.000000	58.500000	41.142857
8818.000000	1.000000	"105D"	0.000000	0.000000	0.000000	138.166667	1.714286
1974.000000	0.000000	"105D"	0.000000	0.000000	0.000000	638.166667	0.000000
5051.000000	0.000000	"105D"	0.000000	0.000000	0.000000	1157.833333	15.428571
1914.000000	0.000000	"105D"	0.000000	0.000000	0.000000	460.333333	0.000000
9985.000000	0.000000	"105D"	0.960000	0.000000	0.000000	350.000000	0.000000
1863.000000	0.000000	"105D"	2.555556	0.000000	0.000000	0.166667	0.000000
2752.000000	1.000000	"105D"	0.000000	0.000000	0.000000	144.666667	1.714286
9883.000000	1.000000	"105D"	0.000000	0.000000	0.000000	955.833333	17.142857
9950.000000	1.000000	"105D"	0.000000	1.000000	1.683500	434.500000	0.000000
2859.000000	1.000000	"105D"	0.000000	0.000000	0.000000	45.833333	0.000000
1626.000000	0.000000	"105D"	0.500000	0.000000	0.000000	91.000000	212.571429
1620.000000	0.000000	"105D"	0.300000	3.000000	0.000000	69.166667	0.000000
8860.000000	1.000000	"105D"	5.000000	0.000000	0.000000	1566.500000	3.428571
1553.000000	0.000000	"105D"	0.000000	0.000000	0.000000	173.000000	192.000000
2870.000000	1.000000	"105D"	0.500000	0.000000	0.000000	944.000000	13.714286
9428.000000	1.000000	"105D"	0.939394	0.000000	0.000000	319.333333	0.000000
100.000000	0.000000	"105D"	0.000000	0.000000	0.000000	115.833333	0.000000
9016.000000	1.000000	"105D"	0.437500	0.000000	0.000000	21.000000	0.000000
9832.000000	0.000000	"105D"	0.000000	0.000000	0.000000	972.333333	0.000000
1412.000000	0.000000	"105D"	0.960000	0.000000	0.000000	371.333333	0.000000
9813.000000	0.000000	"105D"	1.500000	0.000000	0.000000	109.833333	0.000000
9799.000000	0.000000	"105D"	1.600000	0.000000	0.000000	582.500000	37.714286
9781.000000	0.000000	"105D"	0.333333	0.000000	0.000000	144.333333	0.000000
9060.000000	1.000000	"105D"	1.000000	0.000000	0.000000	46.833333	0.000000
1349.000000	0.000000	"105D"	0.000000	2.000000	0.000000	710.166667	17.142857
9089.000000	1.000000	"105D"	0.000000	0.000000	0.000000	69.666667	231.428571
9138.000000	1.000000	"105D"	2.200000	0.000000	0.000000	257.500000	3.428571
9721.000000	0.000000	"105D"	4.407407	1.000000	0.000000	7.166667	0.000000
1284.000000	0.000000	"105D"	1.625000	0.000000	0.000000	102.166667	18.857143
9150.000000	1.000000	"105D"	0.437500	0.000000	12.987000	0.833333	0.000000
9170.000000	1.000000	"105D"	0.545455	0.000000	0.000000	113.000000	0.000000
9708.000000	0.000000	"105D"	0.000000	0.000000	0.000000	42.833333	0.000000
9687.000000	0.000000	"105D"	3.500000	0.000000	0.000000	11.666667	0.000000
9288.000000	1.000000	"105D"	0.000000	0.000000	0.000000	1111.500000	0.000000
9682.000000	0.000000	"105D"	0.625000	0.000000	0.000000	4.166667	0.000000
9673.000000	0.000000	"105D"	0.958333	0.000000	0.000000	458.333333	0.000000
9651.000000	0.000000	"105D"	0.000000	0.000000	0.000000	1494.333333	13.714286
2620.000000	1.000000	"105D"	0.000000	0.000000	0.000000	224.833333	39.428571
2603.000000	1.000000	"105D"	0.444444	0.000000	0.000000	79.833333	0.000000
2552.000000	1.000000	"105D"	0.468750	0.000000	0.000000	57.000000	0.000000
9629.000000	0.000000	"105D"	0.000000	0.000000	0.000000	531.833333	780.000000
2538.000000	1.000000	"105D"	0.833333	0.000000	0.000000	559.166667	63.428571
2450.000000	1.000000	"105D"	0.000000	0.000000	0.000000	405.500000	0.000000
3103.000000	1.000000	"105D"	0.285714	0.000000	0.000000	3.333333	0.000000
2429.000000	1.000000	"105D"	0.485714	0.000000	0.000000	150.833333	0.000000
9518.000000	0.000000	"105D"	0.970588	0.000000	0.000000	156.833333	0.000000
2417.000000	1.000000	"105D"	0.285714	0.000000	0.000000	287.500000	0.000000
9498.000000	0.000000	"105D"	0.000000	0.000000	0.000000	4632.500000	0.000000
3164.000000	1.000000	"105D"	0.000000	0.000000	34.918000	541.833333	0.000000
5973.000000	1.000000	"105D"	3.000000	0.000000	0.000000	172.333333	0.000000
2259.000000	1.000000	"105D"	0.700000	0.000000	0.000000	685.500000	0.000000
9408.000000	0.000000	"105D"	0.361111	0.000000	0.000000	991.500000	0.000000
9367.000000	0.000000	"105D"	0.000000	0.000000	0.000000	803.500000	104.571429
3245.000000	1.000000	"105D"	0.000000	0.000000	0.000000	197.333333	435.428571
9314.000000	0.000000	"105D"	1.333333	0.000000	0.000000	817.166667	0.000000
967.000000	0.000000	"105D"	0.857143	0.000000	0.000000	260.500000	48.000000
9214.000000	0.000000	"105D"	2.818182	0.000000	0.000000	738.833333	0.000000
949.000000	0.000000	"105D"	0.562500	0.000000	0.000000	177.500000	0.000000
1990.000000	1.000000	"105D"	0.916667	0.000000	0.000000	152.333333	0.000000
9106.000000	0.000000	"105D"	0.379310	0.000000	0.000000	93.833333	0.000000
3510.000000	1.000000	"105D"	0.000000	1.000000	0.000000	132.833333	0.000000
9441.000000	1.000000	"105D"	1.000000	0.000000	0.000000	457.500000	0.000000
1440.000000	1.000000	"105D"	0.000000	0.000000	0.000000	913.166667	0.000000
1423.000000	1.000000	"105D"	0.000000	0.000000	0.000000	403.333333	0.000000
3539.000000	1.000000	"105D"	0.000000	0.000000	0.000000	651.333333	104.571429
1321.000000	1.000000	"105D"	3.800000	0.000000	0.000000	2023.000000	18.857143
9064.000000	0.000000	"105D"	0.000000	0.000000	0.000000	348.333333	0.000000
9024.000000	0.000000	"105D"	0.000000	0.000000	0.000000	144.333333	0.000000
1226.000000	1.000000	"105D"	0.000000	0.000000	0.000000	11.833333	0.000000
3610.000000	1.000000	"105D"	0.000000	0.000000	0.000000	833.166667	0.000000
1121.000000	1.000000	"105D"	0.937500	0.000000	0.000000	137.833333	0.000000
8980.000000	0.000000	"105D"	3.240000	0.000000	0.000000	518.333333	226.285714
3612.000000	1.000000	"105D"	0.000000	0.000000	0.000000	151.833333	22.285714
1028.000000	1.000000	"105D"	1.000000	0.000000	0.000000	18.833333	0.000000
9488.000000	1.000000	"105D"	1.833333	2.000000	0.000000	258.500000	204.000000
3697.000000	1.000000	"105D"	0.555556	0.000000	0.000000	1163.166667	111.428571
946.000000	1.000000	"105D"	1.769231	0.000000	0.000000	126.500000	0.000000
8838.000000	0.000000	"105D"	0.250000	0.000000	0.000000	472.166667	0.000000
8789.000000	0.000000	"105D"	1.000000	0.000000	0.000000	1301.666667	113.142857
866.000000	1.000000	"105D"	3.583333	0.000000	0.000000	8.333333	0.000000
807.000000	1.000000	"105D"	2.250000	0.000000	0.000000	590.500000	0.000000
772.000000	1.000000	"105D"	0.000000	0.000000	0.000000	77.500000	0.000000
3811.000000	1.000000	"105D"	0.000000	0.000000	0.000000	27.166667	0.000000
8713.000000	0.000000	"105D"	0.000000	0.000000	0.000000	255.666667	269.142857
8673.000000	0.000000	"105D"	0.000000	0.000000	0.000000	103.500000	85.714286
878.000000	0.000000	"105D"	0.000000	2.000000	0.000000	366.333333	1810.285714
8607.000000	0.000000	"105D"	1.000000	0.000000	0.000000	95.833333	0.000000
8541.000000	0.000000	"105D"	0.250000	0.000000	0.000000	566.666667	0.000000
3927.000000	1.000000	"105D"	1.166667	0.000000	0.000000	272.500000	0.000000
3930.000000	1.000000	"105D"	1.200000	0.000000	0.000000	850.166667	0.000000
3970.000000	1.000000	"105D"	0.437500	0.000000	0.000000	50.166667	0.000000
8401.000000	0.000000	"105D"	0.000000	0.000000	0.000000	9.833333	0.000000
8392.000000	0.000000	"105D"	0.000000	0.000000	0.000000	25.500000	0.000000
4105.000000	1.000000	"105D"	2.125000	0.000000	0.000000	810.666667	1352.571429
4127.000000	1.000000	"105D"	3.240000	0.000000	0.000000	102.333333	3.428571
8345.000000	0.000000	"105D"	0.406250	0.000000	0.000000	14.333333	3.428571
9897.000000	1.000000	"105D"	1.583333	2.000000	0.000000	13.500000	0.000000
4240.000000	1.000000	"105D"	1.062500	0.000000	0.000000	265.333333	0.000000
8234.000000	0.000000	"105D"	0.000000	0.000000	0.000000	299.500000	0.000000
8205.000000	0.000000	"105D"	1.705882	0.000000	0.000000	117.166667	0.000000
8125.000000	0.000000	"105D"	1.960000	0.000000	0.000000	116.333333	10.285714
157.000000	1.000000	"105D"	0.000000	0.000000	0.000000	795.166667	0.000000
8094.000000	0.000000	"105D"	0.000000	0.000000	0.000000	246.000000	0.000000
4256.000000	1.000000	"105D"	1.736842	0.000000	0.000000	1094.166667	0.000000
94.000000	1.000000	"105D"	1.454545	0.000000	0.000000	46.833333	0.000000
4339.000000	1.000000	"105D"	2.200000	0.000000	0.000000	259.166667	0.000000
82.000000	1.000000	"105D"	0.619048	0.000000	0.000000	10.333333	0.000000
56.000000	1.000000	"105D"	0.000000	0.000000	0.000000	386.666667	0.000000
4419.000000	1.000000	"105D"	2.529412	0.000000	12.987000	83.833333	8.571429
9882.000000	0.000000	"100D"	2.411765	0.000000	0.000000	742.000000	36.000000
6563.000000	1.000000	"100D"	0.000000	0.000000	0.000000	417.500000	0.000000
9919.000000	0.000000	"100D"	0.000000	0.000000	0.000000	277.333333	269.142857
5028.000000	1.000000	"100D"	0.000000	0.000000	0.000000	176.166667	13.714286
688.000000	0.000000	"100D"	0.000000	0.000000	0.000000	17.000000	0.000000
9724.000000	1.000000	"100D"	1.285714	0.000000	5.830500	455.000000	0.000000
4939.000000	1.000000	"100D"	0.500000	0.000000	0.000000	41.666667	0.000000
6523.000000	1.000000	"100D"	1.923077	0.000000	0.000000	32.000000	0.000000
2957.000000	1.000000	"100D"	3.750000	0.000000	8.365500	127.500000	0.000000
7515.000000	0.000000	"100D"	0.000000	0.000000	0.000000	1053.666667	32.571429
7575.000000	0.000000	"100D"	0.000000	0.000000	0.000000	82.666667	0.000000
7578.000000	0.000000	"100D"	1.066667	0.000000	0.000000	940.333333	0.000000
4720.000000	1.000000	"100D"	3.517241	0.000000	0.000000	107.000000	3.428571
6699.000000	1.000000	"100D"	0.000000	0.000000	0.000000	217.500000	1186.285714
3477.000000	0.000000	"100D"	0.000000	0.000000	0.000000	164.333333	0.000000
9782.000000	1.000000	"100D"	2.150000	0.000000	0.000000	71.500000	0.000000
8868.000000	1.000000	"100D"	1.000000	0.000000	0.000000	15.000000	0.000000
3441.000000	0.000000	"100D"	0.529412	2.000000	0.000000	29.500000	0.000000
4100.000000	0.000000	"100D"	0.444444	0.000000	0.000000	762.500000	0.000000
4668.000000	1.000000	"100D"	1.727273	0.000000	0.000000	1.000000	0.000000
1530.000000	0.000000	"100D"	0.000000	4.000000	0.000000	373.833333	0.000000
5483.000000	0.000000	"100D"	0.000000	0.000000	0.000000	896.333333	70.285714
3410.000000	0.000000	"100D"	0.000000	0.000000	0.000000	2457.333333	0.000000
4581.000000	1.000000	"100D"	0.000000	0.000000	0.000000	501.833333	0.000000
7776.000000	0.000000	"100D"	0.000000	0.000000	0.000000	72.833333	0.000000
9021.000000	1.000000	"100D"	0.944444	0.000000	0.000000	178.166667	289.714286
4551.000000	1.000000	"100D"	0.944444	0.000000	0.000000	47.333333	3.428571
7853.000000	0.000000	"100D"	0.000000	0.000000	0.000000	874.166667	0.000000
751.000000	0.000000	"100D"	0.000000	0.000000	0.000000	46.500000	0.000000
4463.000000	1.000000	"100D"	1.344828	0.000000	0.000000	511.000000	133.714286
7966.000000	0.000000	"100D"	2.064516	1.000000	0.000000	70.666667	0.000000
2125.000000	0.000000	"100D"	0.000000	0.000000	0.000000	11.333333	0.000000
3268.000000	0.000000	"100D"	0.000000	0.000000	0.000000	783.833333	70.285714
9092.000000	1.000000	"100D"	2.166667	0.000000	0.000000	1153.833333	0.000000
136.000000	1.000000	"100D"	0.333333	0.000000	0.000000	1161.333333	0.000000
5039.000000	1.000000	"100D"	0.000000	0.000000	0.000000	137.833333	0.000000
8185.000000	0.000000	"100D"	0.000000	0.000000	0.000000	92.000000	15.428571
1220.000000	0.000000	"100D"	0.000000	0.000000	0.000000	502.333333	0.000000
289.000000	0.000000	"100D"	0.250000	0.000000	0.000000	236.500000	0.000000
3165.000000	0.000000	"100D"	1.000000	0.000000	0.000000	521.500000	339.428571
995.000000	0.000000	"100D"	0.000000	0.000000	0.000000	352.500000	0.000000
8189.000000	0.000000	"100D"	1.500000	0.000000	0.000000	436.333333	644.571429
9267.000000	1.000000	"100D"	0.529412	0.000000	0.000000	1217.833333	1570.285714
6186.000000	1.000000	"100D"	0.000000	0.000000	0.000000	13.833333	37.714286
6376.000000	1.000000	"100D"	2.533333	0.000000	0.000000	8.666667	39.428571
2739.000000	1.000000	"100D"	0.481481	0.000000	0.000000	583.833333	485.142857
2676.000000	1.000000	"100D"	3.000000	0.000000	6.493500	124.500000	0.000000
788.000000	0.000000	"100D"	0.380952	0.000000	0.000000	98.166667	0.000000
8292.000000	0.000000	"100D"	0.400000	0.000000	0.000000	1704.000000	0.000000
9732.000000	1.000000	"100D"	3.076923	0.000000	0.000000	826.166667	0.000000
1980.000000	0.000000	"100D"	1.027778	0.000000	0.000000	460.166667	0.000000
4237.000000	1.000000	"100D"	3.857143	0.000000	0.000000	50.833333	0.000000
3053.000000	0.000000	"100D"	0.000000	1.000000	0.000000	183.833333	15.428571
3690.000000	0.000000	"100D"	0.611111	0.000000	0.000000	618.000000	0.000000
4035.000000	1.000000	"100D"	2.111111	0.000000	0.000000	9.333333	0.000000
7802.000000	1.000000	"100D"	1.300000	0.000000	0.000000	963.500000	0.000000
242.000000	0.000000	"100D"	0.000000	0.000000	0.000000	751.666667	0.000000
1964.000000	0.000000	"100D"	0.000000	0.000000	0.000000	588.000000	634.285714
8468.000000	0.000000	"100D"	0.466667	0.000000	0.000000	345.333333	207.428571
2356.000000	1.000000	"100D"	0.000000	0.000000	0.000000	555.166667	0.000000
5902.000000	0.000000	"100D"	0.000000	0.000000	0.000000	110.833333	0.000000
7830.000000	1.000000	"100D"	3.000000	0.000000	0.000000	109.500000	0.000000
377.000000	0.000000	"100D"	0.500000	0.000000	0.000000	347.166667	154.285714
7888.000000	1.000000	"100D"	0.363636	0.000000	0.000000	294.166667	0.000000
24.000000	1.000000	"100D"	1.055556	0.000000	0.000000	200.333333	0.000000
2876.000000	0.000000	"100D"	0.470588	0.000000	0.000000	127.666667	1383.428571
6020.000000	0.000000	"100D"	0.000000	0.000000	0.000000	269.500000	15.428571
2845.000000	0.000000	"100D"	0.000000	0.000000	0.000000	91.833333	0.000000
6057.000000	0.000000	"100D"	0.000000	0.000000	0.000000	645.166667	0.000000
7926.000000	1.000000	"100D"	1.321429	0.000000	0.000000	463.000000	162.857143
2033.000000	1.000000	"100D"	0.409091	0.000000	0.000000	5.833333	0.000000
3909.000000	1.000000	"100D"	2.424242	0.000000	0.000000	562.166667	0.000000
3942.000000	0.000000	"100D"	0.000000	0.000000	0.000000	331.500000	0.000000
3760.000000	1.000000	"100D"	0.375000	0.000000	0.000000	125.000000	0.000000
4632.000000	0.000000	"100D"	0.382353	0.000000	0.000000	658.666667	0.000000
1730.000000	1.000000	"100D"	0.000000	0.000000	0.000000	546.333333	0.000000
1607.000000	1.000000	"100D"	3.857143	0.000000	0.000000	701.166667	0.000000
1583.000000	1.000000	"100D"	0.000000	0.000000	0.000000	0.333333	0.000000
1571.000000	1.000000	"100D"	0.000000	0.000000	0.000000	610.833333	0.000000
331.000000	0.000000	"100D"	0.000000	0.000000	0.000000	1.000000	0.000000
1443.000000	1.000000	"100D"	2.454545	0.000000	0.000000	222.500000	0.000000
8830.000000	0.000000	"100D"	1.941176	0.000000	0.000000	753.666667	30.857143
5107.000000	0.000000	"100D"	0.357143	0.000000	12.987000	205.000000	0.000000
8903.000000	0.000000	"100D"	0.000000	0.000000	0.000000	500.666667	121.714286
6088.000000	0.000000	"100D"	0.000000	0.000000	0.000000	204.666667	22.285714
5998.000000	1.000000	"100D"	0.590909	0.000000	0.000000	89.000000	3.428571
1217.000000	1.000000	"100D"	1.888889	0.000000	0.000000	1027.000000	0.000000
3671.000000	1.000000	"100D"	1.071429	0.000000	0.000000	275.333333	2676.000000
6633.000000	1.000000	"100D"	4.250000	0.000000	0.000000	566.833333	0.000000
8978.000000	0.000000	"100D"	0.500000	3.000000	0.000000	226.333333	0.000000
996.000000	1.000000	"100D"	0.000000	0.000000	0.000000	76.500000	0.000000
6362.000000	0.000000	"100D"	0.000000	0.000000	0.000000	132.666667	0.000000
9653.000000	1.000000	"100D"	0.800000	0.000000	0.000000	590.666667	0.000000
947.000000	1.000000	"100D"	2.866667	0.000000	0.000000	1136.333333	0.000000
886.000000	1.000000	"100D"	1.200000	0.000000	0.000000	378.833333	0.000000
6593.000000	0.000000	"100D"	0.583333	0.000000	0.000000	346.500000	0.000000
812.000000	1.000000	"100D"	0.000000	0.000000	0.000000	164.166667	0.000000
3572.000000	1.000000	"100D"	0.000000	0.000000	0.000000	950.833333	24.000000
9034.000000	0.000000	"100D"	0.000000	0.000000	1.287000	637.833333	536.571429
4305.000000	0.000000	"100D"	0.363636	0.000000	0.000000	161.333333	274.285714
9887.000000	1.000000	"100D"	0.421053	0.000000	0.000000	32.166667	1666.285714
3524.000000	1.000000	"100D"	0.857143	0.000000	0.000000	557.833333	0.000000
5727.000000	1.000000	"100D"	0.956522	2.000000	0.000000	121.833333	0.000000
4299.000000	0.000000	"100D"	0.000000	0.000000	0.000000	281.833333	442.285714
522.000000	1.000000	"100D"	0.968750	0.000000	0.000000	3.666667	0.000000
5218.000000	0.000000	"100D"	0.888889	0.000000	0.000000	1008.666667	24.000000
504.000000	1.000000	"100D"	3.250000	0.000000	12.987000	75.833333	346.285714
5575.000000	1.000000	"100D"	0.333333	0.000000	0.000000	853.333333	0.000000
4810.000000	0.000000	"100D"	0.000000	0.000000	0.000000	277.333333	0.000000
3356.000000	1.000000	"100D"	1.750000	0.000000	0.000000	709.000000	0.000000
6985.000000	0.000000	"100D"	0.600000	0.000000	0.000000	479.833333	48.000000
5256.000000	1.000000	"100D"	0.666667	0.000000	0.000000	811.500000	0.000000
3344.000000	1.000000	"100D"	1.000000	1.000000	0.000000	184.666667	66.857143
8498.000000	1.000000	"100D"	1.000000	0.000000	0.000000	155.666667	116.571429
7215.000000	0.000000	"100D"	0.444444	4.000000	0.000000	98.500000	5122.285714
5362.000000	0.000000	"100D"	0.000000	0.000000	0.000000	178.166667	0.000000
4224.000000	0.000000	"100D"	0.000000	0.000000	0.000000	453.000000	0.000000
273.000000	1.000000	"100D"	0.000000	0.000000	0.000000	1074.333333	92.571429
3300.000000	1.000000	"100D"	2.457143	0.000000	0.000000	176.833333	308.571429
260.000000	1.000000	"100D"	0.000000	0.000000	0.000000	643.166667	0.000000
9337.000000	0.000000	"100D"	4.250000	0.000000	0.000000	741.666667	3.428571
228.000000	1.000000	"100D"	0.923077	0.000000	0.000000	96.833333	0.000000
217.000000	1.000000	"100D"	0.375000	0.000000	0.000000	14.500000	0.000000
7276.000000	0.000000	"100D"	2.111111	0.000000	0.000000	229.666667	77.142857
5482.000000	0.000000	"100D"	0.000000	0.000000	0.000000	56.666667	0.000000
178.000000	1.000000	"100D"	0.944444	0.000000	0.000000	727.000000	0.000000
1791.000000	0.000000	"1005"	0.000000	0.000000	0.000000	21.333333	27.428571
4462.000000	1.000000	"1005"	2.361111	0.000000	1.287000	803.833333	0.000000
4406.000000	1.000000	"1005"	0.000000	0.000000	0.000000	211.833333	558.857143
1437.000000	1.000000	"1005"	1.000000	0.000000	0.000000	71.166667	1956.000000
9221.000000	1.000000	"1005"	1.541667	0.000000	0.000000	62.500000	44.571429
5723.000000	0.000000	"1005"	0.000000	0.000000	13.396500	373.333333	0.000000
4057.000000	1.000000	"1005"	0.000000	0.000000	0.000000	0.000000	0.000000
9500.000000	1.000000	"1005"	0.500000	0.000000	0.000000	247.833333	0.000000
3912.000000	1.000000	"1005"	0.000000	0.000000	0.000000	69.500000	12.000000
3342.000000	1.000000	"1005"	1.076923	0.000000	0.000000	297.333333	0.000000
1869.000000	1.000000	"1005"	3.461538	0.000000	0.000000	654.000000	0.000000
6952.000000	1.000000	"1005"	0.000000	0.000000	0.000000	105.833333	0.000000
2118.000000	0.000000	"1005"	1.800000	0.000000	0.000000	466.500000	0.000000
5945.000000	1.000000	"1005"	1.071429	0.000000	0.000000	730.666667	0.000000
2531.000000	0.000000	"1005"	2.520000	0.000000	0.000000	289.666667	0.000000
5867.000000	1.000000	"1005"	0.000000	0.000000	0.000000	582.833333	0.000000
1334.000000	1.000000	"1005"	0.857143	0.000000	0.000000	666.833333	0.000000
8098.000000	1.000000	"1005"	0.000000	0.000000	0.000000	44.666667	377.142857
8848.000000	0.000000	"1005"	0.000000	0.000000	0.000000	199.500000	0.000000
2270.000000	1.000000	"1005"	2.441176	0.000000	0.000000	1349.833333	58.285714
3271.000000	1.000000	"G5"	0.000000	1.000000	0.000000	924.333333	0.000000
2987.000000	1.000000	"G5"	0.000000	0.000000	1.943500	1198.833333	0.000000
2828.000000	1.000000	"G5"	1.080000	0.000000	8.417500	1420.500000	0.000000
9945.000000	0.000000	"G5"	0.560000	0.000000	12.987000	426.333333	0.000000
9834.000000	0.000000	"G5"	0.000000	3.000000	0.000000	56.833333	0.000000
9826.000000	0.000000	"G5"	0.000000	0.000000	0.000000	91.000000	0.000000
9792.000000	0.000000	"G5"	0.000000	0.000000	0.000000	726.833333	92.571429
9707.000000	0.000000	"G5"	0.000000	0.000000	0.000000	134.833333	0.000000
9670.000000	0.000000	"G5"	1.500000	0.000000	0.000000	619.000000	0.000000
9313.000000	0.000000	"G5"	0.000000	1.000000	0.000000	624.166667	0.000000
9111.000000	0.000000	"G5"	2.500000	0.000000	0.000000	391.333333	84.000000
9108.000000	0.000000	"G5"	0.684211	0.000000	0.000000	209.833333	0.000000
9084.000000	0.000000	"G5"	0.000000	0.000000	0.000000	116.000000	73.714286
2498.000000	1.000000	"G5"	1.000000	0.000000	0.000000	195.833333	178.285714
9051.000000	0.000000	"G5"	0.500000	2.000000	0.000000	440.500000	0.000000
8913.000000	0.000000	"G5"	2.310345	0.000000	0.000000	253.166667	0.000000
8647.000000	0.000000	"G5"	0.000000	0.000000	0.000000	875.500000	0.000000
8424.000000	0.000000	"G5"	0.000000	0.000000	0.000000	120.166667	265.714286
8305.000000	0.000000	"G5"	0.880000	0.000000	0.000000	676.666667	0.000000
8291.000000	0.000000	"G5"	1.000000	0.000000	0.000000	197.000000	0.000000
8275.000000	0.000000	"G5"	0.000000	2.000000	0.000000	489.000000	0.000000
7987.000000	0.000000	"G5"	0.000000	0.000000	0.000000	795.000000	140.571429
7975.000000	0.000000	"G5"	0.000000	0.000000	0.000000	123.333333	0.000000
7914.000000	0.000000	"G5"	0.000000	0.000000	0.000000	192.000000	0.000000
7877.000000	0.000000	"G5"	0.000000	0.000000	0.000000	170.166667	0.000000
2178.000000	1.000000	"G5"	0.000000	0.000000	0.000000	9.333333	0.000000
7803.000000	0.000000	"G5"	0.000000	5.000000	1.287000	1150.500000	0.000000
7716.000000	0.000000	"G5"	0.000000	0.000000	0.000000	108.000000	0.000000
7662.000000	0.000000	"G5"	3.625000	0.000000	0.000000	22.333333	12.000000
7462.000000	0.000000	"G5"	0.000000	0.000000	0.000000	497.833333	17.142857
6472.000000	0.000000	"G5"	0.000000	0.000000	0.000000	123.000000	632.571429
6302.000000	0.000000	"G5"	0.750000	0.000000	0.000000	4.333333	0.000000
6192.000000	0.000000	"G5"	2.600000	0.000000	0.000000	17.500000	0.000000
5669.000000	0.000000	"G5"	0.000000	4.000000	0.000000	21.333333	0.000000
5528.000000	0.000000	"G5"	0.583333	0.000000	0.000000	133.333333	15.428571
5167.000000	0.000000	"G5"	0.000000	0.000000	0.000000	49.500000	162.857143
4786.000000	0.000000	"G5"	3.625000	0.000000	0.000000	216.666667	0.000000
1792.000000	1.000000	"G5"	0.000000	0.000000	0.000000	752.333333	8.571429
4758.000000	0.000000	"G5"	1.500000	0.000000	0.000000	113.666667	113.142857
1617.000000	1.000000	"G5"	1.142857	0.000000	0.000000	1538.500000	0.000000
4744.000000	0.000000	"G5"	0.000000	0.000000	12.987000	161.666667	0.000000
4604.000000	0.000000	"G5"	1.000000	0.000000	3.243500	1353.000000	0.000000
1578.000000	1.000000	"G5"	2.314286	0.000000	0.000000	569.166667	0.000000
4433.000000	0.000000	"G5"	0.000000	0.000000	0.000000	171.666667	89.142857
1458.000000	1.000000	"G5"	0.000000	0.000000	0.000000	336.833333	0.000000
4404.000000	0.000000	"G5"	2.000000	0.000000	0.000000	382.666667	53.142857
4387.000000	0.000000	"G5"	0.472222	0.000000	0.000000	531.500000	66.857143
4386.000000	0.000000	"G5"	1.785714	0.000000	0.000000	36.333333	0.000000
4332.000000	0.000000	"G5"	0.000000	5.000000	0.000000	176.166667	0.000000
4306.000000	0.000000	"G5"	0.500000	0.000000	6.493500	314.833333	0.000000
4191.000000	0.000000	"G5"	0.000000	0.000000	0.000000	70.833333	0.000000
3993.000000	0.000000	"G5"	0.000000	0.000000	0.000000	76.166667	12.000000
3926.000000	0.000000	"G5"	0.000000	0.000000	-12.987000	896.333333	0.000000
3797.000000	0.000000	"G5"	0.000000	0.000000	0.000000	852.666667	0.000000
3540.000000	0.000000	"G5"	0.333333	0.000000	0.000000	816.833333	1080.000000
3442.000000	0.000000	"G5"	0.450000	0.000000	0.000000	682.500000	0.000000
3171.000000	0.000000	"G5"	0.954545	0.000000	0.000000	83.833333	0.000000
3065.000000	0.000000	"G5"	0.000000	2.000000	0.000000	807.166667	0.000000
3032.000000	0.000000	"G5"	0.400000	2.000000	0.000000	273.333333	25.714286
3016.000000	0.000000	"G5"	2.000000	0.000000	0.000000	1226.333333	0.000000
2988.000000	0.000000	"G5"	0.000000	0.000000	0.000000	390.000000	0.000000
2835.000000	0.000000	"G5"	0.000000	0.000000	0.000000	104.666667	0.000000
2753.000000	0.000000	"G5"	1.000000	0.000000	0.000000	137.666667	0.000000
2446.000000	0.000000	"G5"	0.000000	0.000000	3.243500	919.833333	0.000000
2323.000000	0.000000	"G5"	0.454545	0.000000	0.000000	106.666667	0.000000
1932.000000	0.000000	"G5"	0.000000	0.000000	0.000000	3059.000000	176.571429
1739.000000	0.000000	"G5"	0.000000	0.000000	0.000000	299.500000	46.285714
1612.000000	0.000000	"G5"	0.000000	0.000000	0.000000	233.833333	977.142857
1506.000000	0.000000	"G5"	0.000000	0.000000	0.000000	221.500000	0.000000
1081.000000	0.000000	"G5"	0.000000	0.000000	0.000000	270.500000	0.000000
1027.000000	0.000000	"G5"	1.035714	0.000000	0.000000	36.333333	181.714286
902.000000	0.000000	"G5"	2.500000	0.000000	0.000000	442.000000	6.857143
804.000000	0.000000	"G5"	0.000000	0.000000	0.000000	89.500000	449.142857
731.000000	0.000000	"G5"	0.000000	0.000000	12.987000	336.333333	0.000000
684.000000	0.000000	"G5"	0.000000	0.000000	0.000000	661.333333	531.428571
440.000000	0.000000	"G5"	0.350000	0.000000	0.000000	1262.000000	0.000000
321.000000	0.000000	"G5"	0.000000	0.000000	0.000000	349.500000	0.000000
243.000000	0.000000	"G5"	0.575758	0.000000	0.000000	772.000000	373.714286
125.000000	0.000000	"G5"	0.000000	0.000000	0.000000	367.333333	0.000000
9967.000000	1.000000	"G5"	2.200000	0.000000	0.000000	1980.666667	0.000000
9926.000000	1.000000	"G5"	0.441176	0.000000	0.000000	262.833333	0.000000
10000.000000	0.000000	"G5"	0.000000	1.000000	0.000000	337.666667	0.000000
9660.000000	1.000000	"G5"	0.357143	0.000000	0.000000	1175.500000	531.428571
9581.000000	1.000000	"G5"	0.000000	0.000000	0.000000	9.833333	104.571429
9464.000000	1.000000	"G5"	0.000000	0.000000	0.000000	109.500000	732.000000
9363.000000	1.000000	"G5"	0.000000	0.000000	0.000000	1654.000000	0.000000
9261.000000	1.000000	"G5"	0.000000	0.000000	0.000000	559.000000	0.000000
9204.000000	1.000000	"G5"	0.000000	0.000000	0.000000	500.166667	0.000000
374.000000	1.000000	"G5"	0.900000	0.000000	0.000000	739.500000	0.000000
9062.000000	1.000000	"G5"	1.000000	0.000000	0.000000	27.333333	168.000000
8974.000000	1.000000	"G5"	0.000000	4.000000	0.000000	49.500000	0.000000
8542.000000	1.000000	"G5"	0.000000	0.000000	12.987000	165.666667	13.714286
8363.000000	1.000000	"G5"	0.000000	0.000000	0.000000	141.333333	0.000000
8138.000000	1.000000	"G5"	3.468750	0.000000	0.000000	1.500000	0.000000
7655.000000	1.000000	"G5"	1.285714	0.000000	0.000000	140.833333	0.000000
7407.000000	1.000000	"G5"	1.666667	0.000000	0.000000	30.333333	0.000000
7037.000000	1.000000	"G5"	1.032258	0.000000	0.000000	172.833333	798.857143
6564.000000	1.000000	"G5"	0.000000	0.000000	0.000000	32.500000	322.285714
6238.000000	1.000000	"G5"	2.970588	0.000000	0.000000	33.000000	3325.714286
6178.000000	1.000000	"G5"	2.440000	0.000000	6.493500	1671.500000	0.000000
6152.000000	1.000000	"G5"	1.555556	0.000000	0.000000	600.500000	3629.142857
186.000000	1.000000	"G5"	1.000000	0.000000	0.000000	193.333333	24.000000
6032.000000	1.000000	"G5"	0.000000	0.000000	0.000000	130.500000	0.000000
5309.000000	1.000000	"G5"	0.645161	0.000000	0.000000	942.500000	0.000000
5104.000000	1.000000	"G5"	0.285714	0.000000	11.687000	818.333333	0.000000
5080.000000	1.000000	"G5"	0.531250	0.000000	0.000000	922.000000	0.000000
5037.000000	1.000000	"G5"	0.250000	0.000000	0.000000	416.500000	0.000000
4882.000000	1.000000	"G5"	0.375000	0.000000	0.000000	735.500000	0.000000
4691.000000	1.000000	"G5"	0.727273	0.000000	0.000000	693.166667	27.428571
4377.000000	1.000000	"G5"	2.437500	0.000000	0.000000	1092.666667	37.714286
3935.000000	1.000000	"G5"	0.458333	0.000000	0.000000	244.666667	0.000000
3801.000000	1.000000	"G5"	3.125000	2.000000	0.000000	1387.500000	0.000000
3453.000000	1.000000	"G5"	0.000000	0.000000	0.000000	138.000000	152.571429
3377.000000	0.000000	"SG200"	0.000000	0.000000	0.000000	922.666667	0.000000
3391.000000	0.000000	"SG200"	0.000000	0.000000	0.000000	196.833333	168.000000
7437.000000	1.000000	"SG200"	0.000000	0.000000	0.000000	0.166667	0.000000
3402.000000	0.000000	"SG200"	0.000000	0.000000	0.000000	448.666667	0.000000
298.000000	0.000000	"SG200"	0.000000	0.000000	0.000000	202.500000	0.000000
7666.000000	0.000000	"SG200"	0.000000	0.000000	0.000000	451.166667	0.000000
8784.000000	0.000000	"SG200"	0.000000	0.000000	0.000000	170.000000	0.000000
3498.000000	0.000000	"SG200"	0.000000	3.000000	0.000000	3117.666667	0.000000
3504.000000	0.000000	"SG200"	0.550000	0.000000	0.000000	437.166667	0.000000
3557.000000	0.000000	"SG200"	0.611111	6.000000	0.000000	496.500000	0.000000
3622.000000	0.000000	"SG200"	0.366667	0.000000	0.000000	458.000000	315.428571
3633.000000	0.000000	"SG200"	0.000000	0.000000	0.000000	505.000000	0.000000
3702.000000	0.000000	"SG200"	0.642857	0.000000	0.000000	952.000000	32.571429
3723.000000	0.000000	"SG200"	0.000000	0.000000	0.000000	573.833333	48.000000
3752.000000	0.000000	"SG200"	3.090909	0.000000	0.000000	95.666667	308.571429
8815.000000	0.000000	"SG200"	0.583333	0.000000	0.000000	502.500000	6.857143
3454.000000	1.000000	"SG200"	0.483871	0.000000	0.000000	150.500000	171.428571
7752.000000	0.000000	"SG200"	0.000000	0.000000	0.000000	514.666667	20.571429
3808.000000	0.000000	"SG200"	0.656250	0.000000	0.000000	157.833333	1352.571429
7175.000000	1.000000	"SG200"	0.000000	0.000000	0.000000	1.666667	3257.142857
691.000000	0.000000	"SG200"	0.956522	4.000000	0.000000	145.833333	0.000000
9127.000000	0.000000	"SG200"	0.833333	0.000000	0.000000	312.166667	0.000000
3821.000000	0.000000	"SG200"	1.083333	0.000000	0.000000	221.666667	0.000000
7079.000000	1.000000	"SG200"	0.750000	0.000000	0.000000	360.500000	622.285714
343.000000	0.000000	"SG200"	2.437500	2.000000	3.243500	655.500000	447.428571
414.000000	0.000000	"SG200"	0.538462	0.000000	0.000000	611.500000	438.857143
7010.000000	1.000000	"SG200"	1.384615	0.000000	0.000000	123.166667	0.000000
3862.000000	0.000000	"SG200"	0.000000	0.000000	0.000000	180.000000	0.000000
3867.000000	0.000000	"SG200"	0.454545	1.000000	0.000000	2489.333333	0.000000
9129.000000	0.000000	"SG200"	0.807692	1.000000	0.000000	279.833333	0.000000
3924.000000	0.000000	"SG200"	0.000000	0.000000	0.000000	116.166667	0.000000
7887.000000	0.000000	"SG200"	2.935484	0.000000	0.000000	269.666667	48.000000
8908.000000	0.000000	"SG200"	0.000000	0.000000	0.000000	690.833333	6.857143
6935.000000	1.000000	"SG200"	0.483871	0.000000	0.000000	222.666667	0.000000
7908.000000	0.000000	"SG200"	3.307692	2.000000	0.000000	453.666667	337.714286
4018.000000	0.000000	"SG200"	0.000000	1.000000	0.000000	344.666667	0.000000
6879.000000	1.000000	"SG200"	1.032258	0.000000	12.987000	218.000000	0.000000
4069.000000	0.000000	"SG200"	0.461538	0.000000	0.000000	375.666667	0.000000
8912.000000	0.000000	"SG200"	0.900000	1.000000	0.000000	222.666667	0.000000
4120.000000	0.000000	"SG200"	0.000000	4.000000	0.000000	546.166667	178.285714
9147.000000	0.000000	"SG200"	0.000000	0.000000	0.000000	415.000000	0.000000
6801.000000	1.000000	"SG200"	1.062500	3.000000	0.000000	767.000000	78.857143
4276.000000	0.000000	"SG200"	0.250000	0.000000	0.000000	288.666667	0.000000
4320.000000	0.000000	"SG200"	0.677419	0.000000	0.000000	59.833333	0.000000
7986.000000	0.000000	"SG200"	0.571429	0.000000	0.000000	146.833333	965.142857
4440.000000	1.000000	"SG200"	3.571429	0.000000	0.000000	135.666667	1.714286
4579.000000	0.000000	"SG200"	0.437500	0.000000	0.000000	466.000000	0.000000
4582.000000	0.000000	"SG200"	0.666667	0.000000	0.000000	568.333333	1131.428571
4594.000000	0.000000	"SG200"	0.571429	3.000000	0.000000	96.666667	4032.000000
4425.000000	1.000000	"SG200"	0.272727	0.000000	0.000000	549.333333	1642.285714
4617.000000	0.000000	"SG200"	0.560000	0.000000	1.943500	192.500000	327.428571
3353.000000	1.000000	"SG200"	0.000000	0.000000	0.000000	191.833333	0.000000
4829.000000	0.000000	"SG200"	0.636364	0.000000	0.000000	19.333333	27.428571
4862.000000	0.000000	"SG200"	0.500000	0.000000	0.000000	405.833333	109.714286
4949.000000	0.000000	"SG200"	0.000000	0.000000	0.000000	724.666667	0.000000
7993.000000	0.000000	"SG200"	2.461538	0.000000	0.000000	348.666667	0.000000
441.000000	0.000000	"SG200"	0.000000	0.000000	0.000000	1444.166667	0.000000
5041.000000	0.000000	"SG200"	0.000000	1.000000	19.480500	271.000000	0.000000
7994.000000	0.000000	"SG200"	3.062500	0.000000	0.000000	206.000000	1524.000000
7843.000000	0.000000	"SG200"	0.000000	0.000000	0.000000	266.833333	0.000000
5053.000000	0.000000	"SG200"	0.571429	0.000000	0.000000	145.500000	0.000000
7997.000000	0.000000	"SG200"	1.181818	0.000000	0.000000	331.000000	0.000000
5060.000000	0.000000	"SG200"	0.000000	1.000000	0.000000	198.833333	111.428571
9207.000000	0.000000	"SG200"	0.000000	0.000000	0.000000	791.833333	0.000000
5078.000000	0.000000	"SG200"	0.000000	0.000000	0.000000	382.000000	0.000000
5089.000000	0.000000	"SG200"	1.125000	0.000000	0.000000	226.666667	0.000000
6404.000000	1.000000	"SG200"	1.384615	0.000000	1.943500	399.500000	0.000000
4357.000000	1.000000	"SG200"	0.533333	0.000000	0.000000	340.333333	0.000000
5177.000000	0.000000	"SG200"	2.472222	0.000000	0.000000	294.166667	72.000000
8010.000000	0.000000	"SG200"	0.454545	0.000000	0.000000	187.833333	3.428571
5233.000000	0.000000	"SG200"	2.090909	0.000000	0.000000	73.666667	37.714286
4319.000000	1.000000	"SG200"	0.000000	0.000000	0.000000	665.500000	0.000000
5247.000000	0.000000	"SG200"	0.000000	0.000000	0.643500	368.166667	0.000000
9228.000000	0.000000	"SG200"	1.142857	0.000000	0.000000	235.666667	313.714286
511.000000	0.000000	"SG200"	2.909091	0.000000	14.930500	2094.333333	0.000000
5377.000000	0.000000	"SG200"	0.000000	0.000000	0.000000	254.166667	0.000000
5384.000000	0.000000	"SG200"	0.000000	0.000000	0.000000	146.833333	0.000000
5401.000000	0.000000	"SG200"	0.545455	0.000000	0.000000	625.666667	0.000000
3339.000000	1.000000	"SG200"	0.375000	0.000000	0.000000	591.500000	0.000000
5460.000000	0.000000	"SG200"	0.941176	0.000000	0.000000	954.666667	0.000000
5613.000000	0.000000	"SG200"	0.000000	0.000000	0.000000	844.166667	598.285714
8146.000000	0.000000	"SG200"	0.000000	2.000000	0.000000	381.666667	0.000000
517.000000	0.000000	"SG200"	0.444444	0.000000	0.000000	176.500000	0.000000
9552.000000	0.000000	"SG200"	2.375000	0.000000	25.974000	1213.166667	0.000000
8277.000000	0.000000	"SG200"	0.000000	0.000000	0.000000	886.333333	0.000000
5648.000000	0.000000	"SG200"	0.000000	0.000000	0.000000	167.166667	0.000000
5710.000000	0.000000	"SG200"	0.000000	3.000000	0.000000	690.666667	0.000000
8304.000000	0.000000	"SG200"	0.000000	0.000000	0.000000	313.666667	0.000000
5817.000000	0.000000	"SG200"	0.000000	0.000000	0.000000	500.500000	598.285714
5860.000000	0.000000	"SG200"	2.058824	0.000000	0.000000	713.833333	399.428571
9939.000000	1.000000	"SG200"	1.523810	0.000000	0.000000	56.333333	0.000000
5909.000000	0.000000	"SG200"	0.555556	0.000000	0.000000	77.666667	37.714286
5917.000000	0.000000	"SG200"	0.411765	0.000000	0.000000	399.333333	61.714286
6005.000000	1.000000	"SG200"	0.400000	0.000000	0.000000	623.000000	0.000000
6191.000000	0.000000	"SG200"	1.000000	0.000000	0.000000	385.500000	0.000000
6212.000000	0.000000	"SG200"	0.000000	0.000000	0.000000	151.000000	17.142857
9018.000000	1.000000	"SG200"	0.000000	0.000000	0.000000	764.333333	0.000000
6286.000000	0.000000	"SG200"	0.000000	0.000000	0.000000	41.833333	0.000000
6373.000000	0.000000	"SG200"	1.642857	0.000000	0.000000	613.166667	1378.285714
5942.000000	1.000000	"SG200"	0.000000	0.000000	0.000000	1350.166667	5.142857
6382.000000	0.000000	"SG200"	0.000000	0.000000	0.000000	773.166667	0.000000
8338.000000	0.000000	"SG200"	0.000000	0.000000	0.000000	507.500000	27.428571
5895.000000	1.000000	"SG200"	0.904762	0.000000	0.000000	529.333333	0.000000
6543.000000	0.000000	"SG200"	0.555556	0.000000	0.000000	126.166667	334.285714
773.000000	0.000000	"SG200"	0.000000	0.000000	0.000000	2740.166667	0.000000
6592.000000	0.000000	"SG200"	0.608696	0.000000	0.000000	293.833333	15.428571
5843.000000	1.000000	"SG200"	1.464286	0.000000	0.000000	890.333333	0.000000
5770.000000	1.000000	"SG200"	1.043478	0.000000	0.000000	2443.500000	0.000000
6608.000000	0.000000	"SG200"	3.000000	0.000000	0.000000	389.666667	0.000000
6629.000000	0.000000	"SG200"	0.000000	0.000000	0.000000	118.333333	0.000000
6640.000000	0.000000	"SG200"	0.545455	0.000000	0.000000	622.500000	147.428571
8365.000000	0.000000	"SG200"	0.571429	0.000000	0.000000	286.333333	3.428571
6687.000000	0.000000	"SG200"	0.000000	0.000000	0.000000	137.666667	104.571429
8371.000000	0.000000	"SG200"	0.000000	0.000000	0.000000	1311.833333	769.714286
6716.000000	0.000000	"SG200"	1.028571	0.000000	0.000000	100.000000	78.857143
8381.000000	0.000000	"SG200"	0.000000	0.000000	0.000000	227.000000	0.000000
6743.000000	0.000000	"SG200"	1.562500	0.000000	0.000000	416.833333	8.571429
6843.000000	0.000000	"SG200"	0.000000	0.000000	0.000000	402.500000	229.714286
6914.000000	0.000000	"SG200"	0.000000	0.000000	0.000000	105.666667	68.571429
6921.000000	0.000000	"SG200"	0.555556	0.000000	0.000000	462.833333	0.000000
6945.000000	0.000000	"SG200"	0.900000	0.000000	0.000000	238.500000	0.000000
6969.000000	0.000000	"SG200"	0.800000	0.000000	0.000000	125.166667	0.000000
8384.000000	0.000000	"SG200"	1.111111	0.000000	0.000000	405.333333	596.571429
6970.000000	0.000000	"SG200"	1.038462	0.000000	0.000000	917.500000	0.000000
8409.000000	0.000000	"SG200"	1.000000	0.000000	0.000000	163.166667	0.000000
5456.000000	1.000000	"SG200"	2.818182	0.000000	0.000000	689.333333	0.000000
9030.000000	0.000000	"SG200"	0.517241	0.000000	0.000000	773.500000	22.285714
9458.000000	0.000000	"SG200"	0.961538	0.000000	0.000000	1741.833333	0.000000
7088.000000	0.000000	"SG200"	0.000000	0.000000	0.000000	176.333333	334.285714
8428.000000	0.000000	"SG200"	2.166667	0.000000	0.000000	298.000000	0.000000
8484.000000	0.000000	"SG200"	0.000000	0.000000	0.000000	162.166667	0.000000
3162.000000	1.000000	"SG200"	2.000000	0.000000	0.000000	850.000000	0.000000
560.000000	0.000000	"SG200"	0.000000	0.000000	0.000000	1069.500000	0.000000
8507.000000	0.000000	"SG200"	0.000000	0.000000	0.000000	752.166667	132.000000
7122.000000	0.000000	"SG200"	0.000000	0.000000	0.000000	269.666667	135.428571
7152.000000	0.000000	"SG200"	0.000000	10.000000	0.000000	93.833333	0.000000
5191.000000	1.000000	"SG200"	0.785714	0.000000	0.000000	36.333333	0.000000
8520.000000	0.000000	"SG200"	0.000000	0.000000	0.000000	216.833333	0.000000
554.000000	0.000000	"SG200"	0.000000	0.000000	0.000000	129.500000	96.000000
9522.000000	1.000000	"SG200"	2.250000	0.000000	0.000000	843.500000	276.000000
5074.000000	1.000000	"SG200"	0.409091	0.000000	0.000000	351.833333	0.000000
7334.000000	0.000000	"SG200"	1.100000	1.000000	0.000000	641.000000	0.000000
9099.000000	0.000000	"SG200"	0.571429	0.000000	0.000000	216.500000	0.000000
8570.000000	0.000000	"SG200"	1.558824	0.000000	0.000000	107.833333	133.714286
5019.000000	1.000000	"SG200"	0.000000	0.000000	0.000000	335.166667	75.428571
9347.000000	0.000000	"SG200"	0.000000	0.000000	0.000000	229.333333	0.000000
4966.000000	1.000000	"SG200"	1.750000	0.000000	0.000000	437.833333	0.000000
7473.000000	0.000000	"SG200"	0.000000	0.000000	0.000000	738.166667	6.857143
7484.000000	0.000000	"SG200"	1.100000	0.000000	0.000000	356.500000	0.000000
7540.000000	0.000000	"SG200"	1.500000	0.000000	0.000000	408.000000	0.000000
8598.000000	0.000000	"SG200"	0.000000	0.000000	0.000000	2092.500000	0.000000
8653.000000	0.000000	"SG200"	0.000000	0.000000	0.000000	374.166667	10.285714
8732.000000	0.000000	"SG200"	0.000000	0.000000	0.000000	1048.333333	0.000000
4849.000000	1.000000	"SG200"	0.375000	0.000000	0.000000	301.500000	433.714286
4846.000000	1.000000	"SG200"	0.950000	0.000000	0.000000	293.833333	0.000000
7571.000000	0.000000	"SG200"	0.500000	0.000000	0.000000	445.666667	471.428571
677.000000	0.000000	"SG200"	0.545455	1.000000	0.000000	260.500000	18.857143
7617.000000	0.000000	"SG200"	0.000000	0.000000	-19.480500	329.166667	0.000000
8771.000000	0.000000	"SG200"	0.000000	0.000000	0.000000	275.166667	725.142857
557.000000	0.000000	"SG200"	1.166667	0.000000	0.000000	517.833333	0.000000
3024.000000	1.000000	"SG200"	2.090909	1.000000	0.000000	162.666667	0.000000
9574.000000	0.000000	"SG200"	0.000000	0.000000	0.000000	376.833333	0.000000
9578.000000	0.000000	"SG200"	0.000000	2.000000	0.000000	70.666667	147.428571
9512.000000	1.000000	"SG200"	0.000000	0.000000	0.000000	333.333333	3804.000000
9618.000000	0.000000	"SG200"	0.000000	0.000000	0.000000	1152.166667	0.000000
9862.000000	0.000000	"SG200"	0.692308	0.000000	0.000000	1649.166667	39.428571
9895.000000	0.000000	"SG200"	1.473684	0.000000	0.000000	27.666667	0.000000
2803.000000	1.000000	"SG200"	0.565217	3.000000	0.000000	231.333333	0.000000
2782.000000	1.000000	"SG200"	0.615385	0.000000	0.000000	176.833333	0.000000
9980.000000	0.000000	"SG200"	0.481481	0.000000	0.000000	1053.333333	0.000000
9996.000000	0.000000	"SG200"	0.617647	0.000000	0.000000	1188.500000	0.000000
9504.000000	1.000000	"SG200"	3.555556	0.000000	0.000000	93.833333	0.000000
865.000000	0.000000	"SG200"	0.478261	0.000000	0.000000	286.666667	240.000000
884.000000	0.000000	"SG200"	0.000000	0.000000	0.000000	177.666667	0.000000
908.000000	0.000000	"SG200"	0.000000	0.000000	0.000000	326.500000	29.142857
2609.000000	1.000000	"SG200"	0.000000	0.000000	0.000000	1258.166667	370.285714
1001.000000	0.000000	"SG200"	0.000000	0.000000	0.000000	770.000000	212.571429
1016.000000	0.000000	"SG200"	0.470588	2.000000	0.000000	1286.166667	56.571429
9400.000000	1.000000	"SG200"	1.000000	0.000000	0.000000	53.833333	0.000000
71.000000	0.000000	"SG200"	0.000000	0.000000	0.000000	228.500000	0.000000
1127.000000	0.000000	"SG200"	0.000000	0.000000	0.000000	630.000000	0.000000
90.000000	0.000000	"SG200"	0.000000	0.000000	0.000000	256.333333	8.571429
1135.000000	0.000000	"SG200"	1.352941	0.000000	0.000000	275.000000	212.571429
1139.000000	0.000000	"SG200"	0.000000	0.000000	25.974000	820.000000	0.000000
1198.000000	0.000000	"SG200"	0.714286	0.000000	0.000000	182.166667	0.000000
1331.000000	0.000000	"SG200"	0.000000	0.000000	0.000000	36.666667	0.000000
1347.000000	0.000000	"SG200"	0.000000	0.000000	0.000000	149.666667	84.000000
2127.000000	1.000000	"SG200"	0.000000	0.000000	0.000000	454.000000	0.000000
2123.000000	1.000000	"SG200"	4.000000	0.000000	0.000000	373.333333	0.000000
1355.000000	0.000000	"SG200"	0.375000	0.000000	0.000000	401.666667	457.714286
1498.000000	0.000000	"SG200"	1.062500	0.000000	0.000000	454.333333	0.000000
1994.000000	1.000000	"SG200"	0.000000	0.000000	0.000000	826.666667	0.000000
113.000000	0.000000	"SG200"	0.411765	0.000000	0.000000	904.000000	627.428571
1896.000000	1.000000	"SG200"	1.440000	1.000000	0.000000	15.000000	4112.571429
8918.000000	1.000000	"SG200"	0.571429	0.000000	0.000000	1101.000000	0.000000
1512.000000	0.000000	"SG200"	0.000000	0.000000	0.000000	444.166667	161.142857
1595.000000	0.000000	"SG200"	0.000000	0.000000	0.000000	198.333333	543.428571
1599.000000	0.000000	"SG200"	0.920000	0.000000	0.000000	244.333333	0.000000
1686.000000	1.000000	"SG200"	1.590909	0.000000	0.000000	318.000000	17.142857
1640.000000	0.000000	"SG200"	0.809524	0.000000	0.000000	437.833333	0.000000
1948.000000	0.000000	"SG200"	0.000000	0.000000	12.987000	520.166667	0.000000
2106.000000	0.000000	"SG200"	1.027778	0.000000	0.000000	343.500000	1820.571429
2134.000000	0.000000	"SG200"	1.166667	0.000000	0.000000	248.500000	0.000000
1501.000000	1.000000	"SG200"	0.000000	0.000000	0.000000	23.333333	497.142857
1492.000000	1.000000	"SG200"	6.312500	0.000000	0.000000	229.166667	0.000000
4382.000000	1.000000	"SG200"	3.000000	0.000000	0.000000	63.166667	0.000000
2247.000000	0.000000	"SG200"	0.933333	0.000000	0.000000	236.000000	584.571429
1385.000000	1.000000	"SG200"	0.500000	0.000000	0.000000	176.000000	0.000000
8652.000000	1.000000	"SG200"	1.466667	0.000000	0.000000	477.166667	0.000000
8620.000000	1.000000	"SG200"	0.736842	0.000000	1.287000	36.500000	181.714286
8614.000000	1.000000	"SG200"	1.000000	0.000000	0.000000	1624.833333	720.000000
171.000000	0.000000	"SG200"	0.666667	0.000000	0.000000	276.500000	20.571429
2291.000000	0.000000	"SG200"	0.833333	0.000000	0.000000	516.333333	37.714286
8534.000000	1.000000	"SG200"	1.766667	0.000000	0.000000	35.500000	0.000000
2321.000000	0.000000	"SG200"	0.000000	0.000000	0.000000	315.000000	0.000000
1163.000000	1.000000	"SG200"	0.000000	0.000000	0.000000	56.666667	53.142857
1162.000000	1.000000	"SG200"	0.000000	0.000000	0.000000	453.500000	0.000000
2340.000000	0.000000	"SG200"	1.454545	0.000000	0.000000	665.666667	0.000000
8470.000000	1.000000	"SG200"	1.638889	0.000000	0.000000	58.833333	0.000000
1033.000000	1.000000	"SG200"	2.000000	0.000000	0.000000	1069.666667	582.857143
8411.000000	1.000000	"SG200"	0.000000	0.000000	0.000000	459.000000	960.000000
2358.000000	0.000000	"SG200"	0.580645	0.000000	0.000000	454.333333	768.000000
2368.000000	0.000000	"SG200"	0.400000	0.000000	6.493500	49.500000	6.857143
2371.000000	0.000000	"SG200"	0.000000	0.000000	0.000000	127.000000	341.142857
202.000000	0.000000	"SG200"	1.727273	0.000000	0.000000	102.666667	102.857143
927.000000	1.000000	"SG200"	1.416667	0.000000	0.000000	129.666667	0.000000
2404.000000	0.000000	"SG200"	1.000000	0.000000	0.000000	544.166667	411.428571
8351.000000	1.000000	"SG200"	0.400000	0.000000	0.000000	1155.833333	0.000000
2454.000000	0.000000	"SG200"	0.000000	0.000000	0.000000	289.166667	0.000000
857.000000	1.000000	"SG200"	0.000000	0.000000	0.000000	496.833333	0.000000
2462.000000	0.000000	"SG200"	1.461538	0.000000	0.000000	130.666667	0.000000
8311.000000	1.000000	"SG200"	0.000000	0.000000	0.000000	301.666667	2278.285714
8273.000000	1.000000	"SG200"	0.000000	3.000000	0.000000	153.000000	0.000000
748.000000	1.000000	"SG200"	1.571429	0.000000	0.000000	256.666667	0.000000
2504.000000	0.000000	"SG200"	1.833333	2.000000	0.000000	365.166667	0.000000
653.000000	1.000000	"SG200"	1.393939	4.000000	0.000000	77.333333	0.000000
2520.000000	0.000000	"SG200"	0.000000	6.000000	0.000000	830.666667	0.000000
565.000000	1.000000	"SG200"	2.000000	0.000000	0.000000	142.666667	0.000000
2546.000000	0.000000	"SG200"	2.071429	0.000000	0.000000	713.000000	0.000000
9800.000000	1.000000	"SG200"	0.000000	0.000000	0.000000	250.333333	0.000000
509.000000	1.000000	"SG200"	0.000000	0.000000	0.000000	610.833333	0.000000
8120.000000	1.000000	"SG200"	0.000000	0.000000	0.000000	558.000000	169.714286
2660.000000	0.000000	"SG200"	0.555556	0.000000	0.000000	99.666667	210.857143
8055.000000	1.000000	"SG200"	1.000000	0.000000	0.000000	904.166667	147.428571
8033.000000	1.000000	"SG200"	0.714286	0.000000	0.000000	440.166667	13.714286
7981.000000	1.000000	"SG200"	1.533333	0.000000	0.000000	107.333333	9762.857143
2796.000000	0.000000	"SG200"	1.666667	0.000000	0.000000	118.333333	0.000000
2827.000000	0.000000	"SG200"	0.000000	0.000000	0.000000	331.000000	0.000000
7920.000000	1.000000	"SG200"	0.000000	0.000000	0.000000	390.833333	0.000000
7909.000000	1.000000	"SG200"	1.833333	0.000000	0.000000	96.166667	0.000000
2930.000000	0.000000	"SG200"	0.714286	0.000000	0.000000	103.666667	3.428571
7826.000000	1.000000	"SG200"	2.562500	0.000000	0.000000	252.833333	10.285714
2946.000000	0.000000	"SG200"	0.000000	0.000000	0.000000	450.000000	0.000000
7806.000000	1.000000	"SG200"	1.500000	0.000000	0.000000	546.333333	0.000000
3031.000000	0.000000	"SG200"	0.357143	0.000000	0.000000	514.000000	17.142857
3044.000000	0.000000	"SG200"	0.000000	0.000000	0.000000	794.333333	0.000000
3058.000000	0.000000	"SG200"	0.000000	0.000000	0.000000	512.166667	0.000000
3086.000000	0.000000	"SG200"	0.000000	0.000000	0.000000	346.000000	0.000000
7677.000000	1.000000	"SG200"	0.478261	0.000000	7.787000	0.833333	0.000000
3108.000000	0.000000	"SG200"	0.000000	0.000000	0.000000	297.000000	0.000000
7596.000000	1.000000	"SG200"	1.000000	0.000000	0.000000	33.166667	0.000000
3128.000000	0.000000	"SG200"	0.000000	0.000000	0.000000	2141.833333	373.714286
3301.000000	0.000000	"SG200"	0.000000	1.000000	0.000000	522.000000	0.000000
3302.000000	0.000000	"SG200"	0.000000	0.000000	0.000000	852.500000	0.000000
9712.000000	0.000000	"X5000"	0.583333	0.000000	0.000000	24.666667	0.000000
9827.000000	0.000000	"X5000"	0.000000	0.000000	0.000000	285.666667	97.714286
7162.000000	1.000000	"X5000"	6.500000	0.000000	0.000000	1221.333333	125.142857
3817.000000	0.000000	"X5000"	0.000000	0.000000	0.000000	1243.500000	0.000000
9917.000000	0.000000	"X5000"	3.142857	0.000000	0.000000	405.666667	229.714286
9920.000000	0.000000	"X5000"	0.000000	0.000000	0.000000	372.666667	0.000000
9923.000000	0.000000	"X5000"	0.000000	0.000000	0.000000	468.500000	0.000000
9506.000000	1.000000	"X5000"	1.000000	0.000000	0.000000	652.500000	759.428571
9965.000000	0.000000	"X5000"	0.000000	0.000000	0.000000	58.666667	178.285714
6958.000000	1.000000	"X5000"	0.000000	0.000000	0.000000	779.000000	0.000000
3925.000000	0.000000	"X5000"	0.000000	0.000000	0.000000	812.166667	0.000000
3959.000000	0.000000	"X5000"	0.000000	0.000000	0.000000	719.666667	0.000000
4001.000000	0.000000	"X5000"	0.000000	0.000000	0.000000	1324.500000	0.000000
2747.000000	1.000000	"X5000"	1.750000	0.000000	0.000000	1.666667	3867.428571
2742.000000	1.000000	"X5000"	0.933333	0.000000	0.000000	1605.666667	0.000000
6865.000000	1.000000	"X5000"	0.000000	0.000000	0.000000	45.833333	0.000000
2705.000000	1.000000	"X5000"	0.000000	0.000000	0.000000	1236.000000	0.000000
4137.000000	0.000000	"X5000"	0.000000	0.000000	0.000000	206.500000	546.857143
4405.000000	0.000000	"X5000"	0.617647	0.000000	0.000000	505.333333	70.285714
40.000000	0.000000	"X5000"	0.428571	0.000000	0.000000	540.833333	0.000000
4491.000000	0.000000	"X5000"	0.428571	0.000000	0.000000	471.166667	0.000000
4614.000000	0.000000	"X5000"	1.750000	0.000000	0.000000	432.833333	113.142857
4650.000000	0.000000	"X5000"	0.500000	0.000000	0.000000	383.666667	209.142857
5017.000000	0.000000	"X5000"	1.000000	3.000000	0.000000	1499.166667	0.000000
2596.000000	1.000000	"X5000"	5.777778	0.000000	12.987000	443.833333	29.142857
1054.000000	0.000000	"X5000"	0.000000	0.000000	0.000000	195.666667	0.000000
6545.000000	1.000000	"X5000"	1.882353	0.000000	0.000000	871.166667	0.000000
5058.000000	0.000000	"X5000"	0.000000	2.000000	0.000000	260.833333	125.142857
1091.000000	0.000000	"X5000"	0.000000	0.000000	0.000000	106.500000	0.000000
2492.000000	1.000000	"X5000"	5.521739	0.000000	0.000000	519.000000	17.142857
6456.000000	1.000000	"X5000"	2.133333	0.000000	0.000000	61.500000	303.428571
1131.000000	0.000000	"X5000"	1.950000	1.000000	0.000000	910.166667	0.000000
5153.000000	0.000000	"X5000"	0.000000	0.000000	0.000000	142.166667	0.000000
5193.000000	0.000000	"X5000"	0.000000	0.000000	0.000000	229.833333	0.000000
6300.000000	1.000000	"X5000"	2.714286	0.000000	0.000000	74.000000	0.000000
1177.000000	0.000000	"X5000"	2.454545	0.000000	0.000000	149.333333	44.571429
9876.000000	1.000000	"X5000"	0.846154	0.000000	0.000000	200.333333	0.000000
5322.000000	0.000000	"X5000"	0.000000	0.000000	0.000000	1706.000000	0.000000
1255.000000	0.000000	"X5000"	0.000000	3.000000	0.000000	35.166667	1.714286
1318.000000	0.000000	"X5000"	1.090909	0.000000	0.000000	310.000000	0.000000
6199.000000	1.000000	"X5000"	2.565217	0.000000	0.000000	708.833333	0.000000
2226.000000	1.000000	"X5000"	0.000000	0.000000	0.000000	571.500000	0.000000
6181.000000	1.000000	"X5000"	1.777778	0.000000	1.943500	828.833333	0.000000
9077.000000	1.000000	"X5000"	1.588235	0.000000	0.000000	446.833333	756.000000
9683.000000	1.000000	"X5000"	0.000000	0.000000	0.000000	89.333333	0.000000
9070.000000	1.000000	"X5000"	1.380952	0.000000	0.000000	1137.833333	0.000000
6143.000000	1.000000	"X5000"	2.625000	0.000000	0.000000	971.000000	0.000000
2119.000000	1.000000	"X5000"	0.000000	0.000000	0.000000	856.000000	0.000000
9873.000000	1.000000	"X5000"	0.000000	0.000000	0.000000	446.666667	186.857143
5745.000000	0.000000	"X5000"	0.000000	0.000000	0.000000	165.166667	0.000000
1462.000000	0.000000	"X5000"	0.000000	0.000000	0.000000	565.666667	61.714286
3092.000000	1.000000	"X5000"	0.903226	0.000000	0.000000	194.500000	426.857143
5969.000000	1.000000	"X5000"	1.600000	0.000000	0.000000	392.000000	0.000000
6489.000000	0.000000	"X5000"	0.500000	1.000000	0.000000	331.166667	0.000000
5872.000000	1.000000	"X5000"	0.416667	0.000000	0.000000	751.666667	2024.571429
1947.000000	1.000000	"X5000"	1.555556	0.000000	0.000000	8.666667	15.428571
6682.000000	0.000000	"X5000"	1.681818	1.000000	0.000000	340.333333	58.285714
5719.000000	1.000000	"X5000"	0.375000	0.000000	0.000000	0.666667	5.142857
5645.000000	1.000000	"X5000"	0.000000	0.000000	0.000000	2242.166667	41.142857
1536.000000	0.000000	"X5000"	0.000000	0.000000	0.000000	179.833333	1.714286
5500.000000	1.000000	"X5000"	0.000000	0.000000	0.000000	509.000000	0.000000
1780.000000	1.000000	"X5000"	2.941176	0.000000	0.000000	519.166667	13.714286
1732.000000	1.000000	"X5000"	0.466667	0.000000	0.000000	121.500000	1829.142857
6978.000000	0.000000	"X5000"	0.000000	0.000000	0.000000	121.833333	0.000000
5455.000000	1.000000	"X5000"	0.000000	0.000000	0.000000	100.666667	576.000000
7062.000000	0.000000	"X5000"	3.041667	0.000000	0.000000	558.000000	48.000000
7095.000000	0.000000	"X5000"	0.000000	0.000000	0.000000	957.500000	0.000000
2082.000000	0.000000	"X5000"	0.000000	0.000000	0.000000	719.500000	5.142857
7113.000000	0.000000	"X5000"	1.000000	0.000000	0.000000	122.500000	53.142857
5398.000000	1.000000	"X5000"	1.000000	0.000000	0.000000	1.666667	1362.857143
1538.000000	1.000000	"X5000"	0.000000	0.000000	0.000000	848.833333	5374.285714
5320.000000	1.000000	"X5000"	3.272727	0.000000	0.000000	477.166667	0.000000
528.000000	0.000000	"X5000"	1.571429	0.000000	0.000000	340.666667	0.000000
2148.000000	0.000000	"X5000"	0.000000	0.000000	0.000000	680.333333	0.000000
2199.000000	0.000000	"X5000"	0.000000	0.000000	0.000000	190.166667	18.857143
8735.000000	1.000000	"X5000"	1.000000	0.000000	0.000000	196.166667	0.000000
8726.000000	1.000000	"X5000"	2.050000	0.000000	3.243500	505.666667	704.571429
7322.000000	0.000000	"X5000"	0.700000	0.000000	0.000000	1131.000000	582.857143
9623.000000	1.000000	"X5000"	0.391304	0.000000	0.000000	936.666667	0.000000
9607.000000	1.000000	"X5000"	0.000000	0.000000	0.000000	116.833333	1.714286
7429.000000	0.000000	"X5000"	0.454545	0.000000	0.000000	1102.166667	0.000000
7450.000000	0.000000	"X5000"	0.000000	0.000000	0.000000	499.833333	145.714286
4907.000000	1.000000	"X5000"	0.450000	0.000000	0.000000	1053.500000	265.714286
4896.000000	1.000000	"X5000"	1.000000	0.000000	0.000000	279.333333	0.000000
23.000000	0.000000	"X5000"	1.000000	0.000000	0.000000	387.500000	0.000000
4776.000000	1.000000	"X5000"	0.000000	0.000000	0.000000	413.500000	0.000000
1231.000000	1.000000	"X5000"	0.833333	0.000000	0.000000	64.166667	109.714286
8522.000000	1.000000	"X5000"	1.500000	0.000000	0.000000	707.666667	0.000000
8516.000000	1.000000	"X5000"	1.105263	0.000000	0.000000	680.833333	85.714286
4713.000000	1.000000	"X5000"	1.354839	0.000000	0.000000	64.833333	654.857143
1179.000000	1.000000	"X5000"	0.714286	0.000000	0.000000	1226.166667	798.857143
7691.000000	0.000000	"X5000"	0.466667	0.000000	0.000000	634.000000	1179.428571
7702.000000	0.000000	"X5000"	2.928571	0.000000	0.000000	195.500000	1.714286
1155.000000	1.000000	"X5000"	0.000000	0.000000	0.000000	231.166667	0.000000
4619.000000	1.000000	"X5000"	0.000000	0.000000	0.000000	469.000000	0.000000
7801.000000	0.000000	"X5000"	0.480000	0.000000	0.000000	413.166667	0.000000
7838.000000	0.000000	"X5000"	0.000000	0.000000	0.000000	800.000000	128.571429
8421.000000	1.000000	"X5000"	1.000000	0.000000	0.000000	1691.500000	0.000000
4518.000000	1.000000	"X5000"	0.681818	0.000000	0.000000	452.500000	0.000000
992.000000	1.000000	"X5000"	0.000000	0.000000	0.000000	2009.166667	0.000000
7890.000000	0.000000	"X5000"	1.666667	0.000000	0.000000	1101.500000	5.142857
7921.000000	0.000000	"X5000"	0.000000	0.000000	0.000000	1071.333333	0.000000
7946.000000	0.000000	"X5000"	2.535714	0.000000	0.000000	48.666667	200.571429
4421.000000	1.000000	"X5000"	0.000000	0.000000	0.000000	144.666667	5736.000000
9543.000000	1.000000	"X5000"	0.000000	0.000000	3.887000	628.833333	0.000000
8012.000000	0.000000	"X5000"	0.000000	2.000000	0.000000	377.666667	0.000000
8061.000000	0.000000	"X5000"	2.100000	0.000000	0.000000	530.333333	642.857143
8181.000000	0.000000	"X5000"	0.428571	0.000000	0.000000	435.166667	0.000000
8347.000000	1.000000	"X5000"	1.000000	0.000000	0.000000	1805.833333	162.857143
4161.000000	1.000000	"X5000"	0.000000	0.000000	0.000000	343.000000	1.714286
4033.000000	1.000000	"X5000"	2.529412	0.000000	12.987000	0.833333	0.000000
8422.000000	0.000000	"X5000"	1.909091	0.000000	0.000000	819.500000	0.000000
2499.000000	0.000000	"X5000"	0.000000	0.000000	0.000000	1255.666667	0.000000
3968.000000	1.000000	"X5000"	0.535714	0.000000	0.000000	1473.666667	0.000000
8532.000000	0.000000	"X5000"	0.000000	0.000000	0.000000	312.833333	30.857143
8590.000000	0.000000	"X5000"	1.419355	0.000000	0.000000	1177.833333	0.000000
8827.000000	0.000000	"X5000"	0.000000	0.000000	0.000000	226.500000	0.000000
3731.000000	1.000000	"X5000"	1.000000	0.000000	0.000000	1260.000000	1911.428571
8260.000000	1.000000	"X5000"	0.516129	0.000000	0.000000	818.500000	0.000000
8870.000000	0.000000	"X5000"	0.363636	0.000000	0.000000	423.666667	0.000000
8219.000000	1.000000	"X5000"	0.000000	0.000000	0.000000	1113.166667	84.000000
3701.000000	1.000000	"X5000"	1.954545	0.000000	0.000000	104.333333	6.857143
8940.000000	0.000000	"X5000"	0.000000	0.000000	0.000000	33.000000	0.000000
3670.000000	1.000000	"X5000"	2.636364	0.000000	0.000000	164.500000	5.142857
3652.000000	1.000000	"X5000"	5.300000	0.000000	0.000000	333.500000	3857.142857
8964.000000	0.000000	"X5000"	2.400000	0.000000	0.000000	1179.000000	13.714286
492.000000	1.000000	"X5000"	2.000000	1.000000	0.000000	916.666667	0.000000
487.000000	1.000000	"X5000"	0.966667	4.000000	0.000000	586.166667	22.285714
2553.000000	0.000000	"X5000"	2.666667	0.000000	0.000000	612.666667	0.000000
8992.000000	0.000000	"X5000"	0.000000	0.000000	0.000000	382.666667	0.000000
3599.000000	1.000000	"X5000"	1.454545	0.000000	0.000000	242.833333	0.000000
2692.000000	0.000000	"X5000"	0.000000	0.000000	0.000000	1215.833333	8753.142857
9027.000000	0.000000	"X5000"	1.040000	0.000000	0.000000	550.666667	0.000000
2726.000000	0.000000	"X5000"	0.909091	0.000000	0.000000	1380.333333	361.714286
9074.000000	0.000000	"X5000"	0.000000	0.000000	0.000000	108.500000	0.000000
7979.000000	1.000000	"X5000"	0.428571	0.000000	12.987000	1350.000000	12.000000
9093.000000	0.000000	"X5000"	0.000000	0.000000	0.000000	1126.333333	94.285714
3459.000000	1.000000	"X5000"	0.960000	0.000000	12.987000	380.666667	2823.428571
9243.000000	0.000000	"X5000"	0.909091	0.000000	0.000000	749.833333	0.000000
3267.000000	1.000000	"X5000"	0.444444	0.000000	0.000000	72.000000	0.000000
2906.000000	0.000000	"X5000"	0.434783	0.000000	0.000000	497.666667	0.000000
9296.000000	0.000000	"X5000"	0.647059	0.000000	0.000000	593.500000	0.000000
2945.000000	0.000000	"X5000"	2.125000	0.000000	0.000000	75.166667	0.000000
3204.000000	1.000000	"X5000"	0.000000	0.000000	0.000000	1977.000000	0.000000
4198.000000	1.000000	"X5000"	0.529412	0.000000	0.000000	413.000000	29.142857
3069.000000	1.000000	"X5000"	1.480000	0.000000	0.000000	983.166667	572.571429
3027.000000	1.000000	"X5000"	0.484848	0.000000	0.000000	840.500000	0.000000
3423.000000	0.000000	"X5000"	0.444444	0.000000	0.000000	1073.833333	0.000000
3424.000000	0.000000	"X5000"	0.000000	3.000000	0.000000	58.000000	0.000000
3777.000000	0.000000	"X5000"	0.000000	0.000000	0.000000	282.333333	0.000000
9908.000000	1.000000	"X5000"	2.666667	0.000000	0.000000	69.500000	332.571429
226.000000	0.000000	"X5000"	0.000000	0.000000	0.000000	169.500000	0.000000
9595.000000	0.000000	"X5000"	0.000000	0.000000	0.000000	1098.333333	0.000000
9613.000000	0.000000	"X5000"	1.500000	1.000000	0.000000	172.666667	6.857143
3795.000000	0.000000	"X5000"	1.500000	0.000000	0.000000	239.166667	0.000000
3202.000000	0.000000	"X5000"	0.000000	0.000000	0.000000	709.166667	0.000000
3219.000000	0.000000	"X5000"	0.968750	0.000000	0.000000	621.333333	0.000000
3243.000000	0.000000	"X5000"	0.423077	0.000000	0.000000	394.833333	632.571429
9645.000000	0.000000	"X5000"	0.000000	0.000000	0.000000	271.666667	10.285714
9680.000000	0.000000	"X5000"	0.000000	0.000000	0.000000	2296.500000	42.857143
3323.000000	0.000000	"X5000"	0.272727	0.000000	0.000000	290.000000	0.000000
1397.000000	0.000000	"X25"	3.750000	0.000000	0.000000	85.000000	0.000000
690.000000	0.000000	"X25"	0.000000	0.000000	0.000000	368.500000	1626.857143
1369.000000	0.000000	"X25"	4.500000	0.000000	0.000000	48.500000	0.000000
1342.000000	1.000000	"X25"	1.515152	0.000000	0.000000	2.500000	104.571429
1339.000000	0.000000	"X25"	0.000000	0.000000	0.000000	84.333333	0.000000
1279.000000	0.000000	"X25"	2.947368	0.000000	0.000000	667.166667	0.000000
1276.000000	1.000000	"X25"	1.903226	0.000000	0.000000	63.500000	25.714286
1260.000000	0.000000	"X25"	0.000000	0.000000	0.000000	181.666667	0.000000
1233.000000	1.000000	"X25"	0.368421	0.000000	0.000000	365.500000	1623.428571
503.000000	1.000000	"X25"	2.000000	0.000000	0.000000	777.500000	0.000000
1199.000000	1.000000	"X25"	0.576923	0.000000	0.000000	166.666667	0.000000
1164.000000	1.000000	"X25"	1.583333	0.000000	0.000000	234.000000	1013.142857
1154.000000	1.000000	"X25"	0.842105	0.000000	0.000000	104.666667	929.142857
1152.000000	1.000000	"X25"	1.000000	0.000000	0.000000	48.833333	0.000000
1132.000000	0.000000	"X25"	0.000000	0.000000	0.000000	84.833333	34.285714
488.000000	0.000000	"X25"	0.000000	0.000000	0.000000	209.333333	0.000000
471.000000	1.000000	"X25"	2.285714	0.000000	0.000000	1207.000000	459.428571
285.000000	0.000000	"X25"	0.000000	0.000000	0.000000	196.833333	49.714286
280.000000	1.000000	"X25"	0.000000	0.000000	0.000000	15.833333	123.428571
240.000000	0.000000	"X25"	0.000000	0.000000	0.000000	722.333333	0.000000
180.000000	1.000000	"X25"	0.000000	0.000000	0.000000	385.666667	0.000000
1042.000000	0.000000	"X25"	1.000000	1.000000	0.000000	213.500000	425.142857
1023.000000	1.000000	"X25"	2.043478	0.000000	0.000000	604.500000	30.857143
989.000000	1.000000	"X25"	0.000000	0.000000	0.000000	237.666667	0.000000
935.000000	1.000000	"X25"	2.823529	0.000000	0.000000	390.500000	6.857143
175.000000	1.000000	"X25"	0.571429	0.000000	0.000000	68.333333	3884.571429
928.000000	1.000000	"X25"	0.000000	0.000000	0.000000	217.833333	0.000000
115.000000	1.000000	"X25"	1.500000	0.000000	0.000000	1366.166667	0.000000
879.000000	1.000000	"X25"	1.413793	0.000000	0.000000	476.666667	0.000000
43.000000	0.000000	"X25"	0.000000	0.000000	0.000000	529.500000	25.714286
12.000000	1.000000	"X25"	0.785714	0.000000	0.000000	393.833333	421.714286
831.000000	1.000000	"X25"	2.055556	0.000000	1.287000	535.333333	197.142857
816.000000	1.000000	"X25"	1.875000	0.000000	0.000000	1111.833333	0.000000
802.000000	1.000000	"X25"	2.060606	0.000000	0.000000	405.833333	224.571429
776.000000	0.000000	"X25"	1.000000	0.000000	0.000000	134.000000	0.000000
577.000000	0.000000	"X25"	0.000000	0.000000	0.000000	1419.500000	39.428571
736.000000	0.000000	"X25"	0.000000	0.000000	0.000000	616.833333	0.000000
710.000000	0.000000	"X25"	3.950000	0.000000	0.000000	227.833333	20.571429
1370.000000	0.000000	"X23"	0.000000	0.000000	0.000000	0.333333	0.000000
1216.000000	1.000000	"X23"	0.000000	0.000000	12.987000	121.000000	0.000000
1126.000000	1.000000	"X23"	0.550000	0.000000	0.000000	237.333333	325.714286
1112.000000	1.000000	"X23"	1.400000	0.000000	0.000000	1516.833333	0.000000
1101.000000	1.000000	"X23"	4.250000	0.000000	0.000000	27.833333	3106.285714
1099.000000	1.000000	"X23"	0.612903	0.000000	0.000000	223.666667	133.714286
1092.000000	0.000000	"X23"	1.468750	0.000000	0.000000	56.000000	0.000000
1076.000000	0.000000	"X23"	2.166667	0.000000	0.000000	202.833333	0.000000
932.000000	1.000000	"X23"	9.750000	0.000000	0.000000	164.166667	0.000000
890.000000	1.000000	"X23"	0.000000	0.000000	0.000000	92.000000	132.000000
871.000000	0.000000	"X23"	4.000000	0.000000	0.000000	420.166667	80.571429
850.000000	1.000000	"X23"	5.300000	0.000000	0.000000	719.333333	1.714286
665.000000	0.000000	"X23"	0.857143	0.000000	0.000000	344.000000	493.714286
483.000000	1.000000	"X23"	0.444444	0.000000	0.000000	1445.000000	51.428571
638.000000	1.000000	"X23"	0.000000	0.000000	0.000000	1299.000000	126.857143
462.000000	1.000000	"X23"	1.000000	0.000000	0.000000	1543.833333	0.000000
454.000000	1.000000	"X23"	1.000000	0.000000	0.000000	184.166667	0.000000
403.000000	1.000000	"X23"	7.060606	0.000000	0.000000	21.000000	0.000000
829.000000	1.000000	"X23"	1.733333	0.000000	0.000000	150.666667	0.000000
314.000000	1.000000	"X23"	1.500000	0.000000	0.000000	360.833333	138.857143
803.000000	0.000000	"X23"	0.000000	2.000000	0.000000	121.333333	144.000000
586.000000	1.000000	"X23"	1.500000	0.000000	0.000000	170.000000	0.000000
754.000000	1.000000	"X23"	0.000000	0.000000	0.000000	569.500000	15.428571
223.000000	1.000000	"X23"	0.000000	0.000000	2.788500	506.166667	0.000000
219.000000	1.000000	"X23"	0.000000	0.000000	0.000000	3614.333333	0.000000
208.000000	1.000000	"X23"	1.000000	0.000000	0.000000	580.500000	118.285714
327.000000	0.000000	"X23"	5.125000	0.000000	0.000000	91.166667	0.000000
518.000000	1.000000	"X23"	0.000000	0.000000	0.000000	306.500000	0.000000
506.000000	1.000000	"X23"	0.600000	0.000000	0.000000	45.166667	252.000000
103.000000	1.000000	"X23"	0.000000	0.000000	0.000000	1137.333333	0.000000
495.000000	0.000000	"X23"	0.000000	0.000000	19.480500	419.833333	126.857143
31.000000	0.000000	"X23"	0.583333	0.000000	0.000000	508.500000	0.000000
491.000000	1.000000	"X23"	1.600000	0.000000	0.000000	675.500000	0.000000
3.000000	0.000000	"X23"	1.151515	0.000000	0.000000	110.666667	0.000000
2.000000	0.000000	"X23"	0.000000	0.000000	0.000000	1117.166667	82.285714
